DD MM YY London Bristol Liverpool Manchester Newcastle Birmingham Sheffield
10  1 48    *   3  40  22  58  78  9
17  1 48  240   4  51  19  52  84 11
24  1 48  284   3  54  23  34  65 11
31  1 48  340   5  54  31  25 106  4
 7  2 48  511   1  89  66  27 142  7
14  2 48  649   3  73  60  47 143  3
21  2 48  766  13 169  87  46 191  6
28  2 48  932   5 212  61  66 208  9
 6  3 48 1303   4 283  79  57 290  7
13  3 48 1257  15 285  56  82 310 10
20  3 48 1716   9 279  85  92 425  5
27  3 48 1425   3 424  63  94 481 10
 3  4 48 1719   6 370  99  93 477 16
10  4 48 1809   6 459 141 110 491  5
17  4 48 1360   8 401 154  90 422 16
24  4 48 1147  10 395 144  82 508  8
 1  5 48 1101  10 411 182  98 457 17
 8  5 48  936   7 425 136 141 488 18
15  5 48 1041  19 438 243 107 752 13
22  5 48  994  29 356 209 130 661 46
29  5 48 1134  31 376 318 138 729 36
 5  6 48  818  36 308 317 155 506 40
12  6 48 1083  46 255 487 141 600 32
19  6 48  755  55 186 494 180 432 51
26  6 48  880  62 160 511 167 466 32
 3  7 48  680  54 101 475 133 336 52
10  7 48  585 112  83 492 118 331 46
17  7 48  602  89  90 431 143 285 69
24  7 48  552 140  37 462 127 267 64
31  7 48  457 232  56 361 102 220 126
 7  8 48  430 151  40 346  99 109 107
14  8 48  287 159  42 259 112  89 126
21  8 48  189 117  46 184  82  70  86
28  8 48  149  62  37 128  48  51 126
 4  9 48  120  80  20 101  48  34  78
11  9 48   88  61  26 126  24  30  65
18  9 48   83  40  34 121  39  31  75
25  9 48   91  66  36 107  18  31  72
 2 10 48   94  53  34 152  18  33 151
 9 10 48   79 122  29 154  25  20 188
16 10 48   78  95  39 161  17  33 223
23 10 48   86 142  35 141  27  21 270
30 10 48  119 186  18 181  15  38 315
 6 11 48  123 256  34 140  20  19 411
13 11 48  108 306  46 190   8  30 439
20 11 48  135 323  57 138   8  32 504
27 11 48  127 409  53 266   6  28 573
 4 12 48  157 405  62 229  14  32 610
11 12 48  176 398  90 363   4  29 787
18 12 48  180 419  59 270  10  32 668
25 12 48  110 311  43 285   9  47 755
 1  1 49  294 332  64 339  15  52 573
 8  1 49  318 441  87 402   8  55 679
15  1 49  320 442  62 380  62  76 493
22  1 49  357 243  64 344  18  65 345
29  1 49  487 225  42 436  12 121 256
 5  2 49  496 296  40 372  46 171 239
12  2 49  809 235  73 544  55 282 208
19  2 49  777 246 110 426  74 312 184
26  2 49  831 203 118 444  84 398 133
 5  3 49 1081 183 110 335  61 441 167
12  3 49 1034 156 105 322  73 489  92
19  3 49 1231 109  97 286  79 405 102
26  3 49 1274  80 126 249 103 389  78
 2  4 49 1487 112 127 213 136 389  54
 9  4 49 1753  54 137 182 155 481  30
16  4 49 1635  40 136 116 121 489  63
23  4 49 1699  36 146  97 191 528  45
30  4 49 1541  45 113 114 190 482  26
 7  5 49 1170  28 104  86 147 471  46
14  5 49 1108  38 111  70 153 433  30
21  5 49 1105  34 110  58 125 449  34
28  5 49  953  45 126  54 180 470  34
 4  6 49 1083  15 157  74 111 513  30
11  6 49  801  31 156  59 177 550  26
18  6 49  908  33 169  81 208 520  62
25  6 49  613  28 194  54 130 327  56
 2  7 49  714  22 243 107 114 381  48
 9  7 49  523  28 240  47 136 275  60
16  7 49  490  38 261  91  88 260  40
23  7 49  379  45 201  44  56 245  39
30  7 49  303  44 168  52  57 193  30
 6  8 49  273  22 119  52  48 225  17
13  8 49  223  29  90  46  44 133  18
20  8 49  158   8  78  16  12  92  24
27  8 49  120   9  70  23  20  47  14
 3  9 49   92  10  66  14  30  32   9
10  9 49   66   5  60  19  10  27   1
17  9 49   42   3  52   6  15  22  11
24  9 49   50   3  57  13  12  17   2
 1 10 49   40   4  68   8  22  28   7
 8 10 49   28   5  63   8   8  23   8
15 10 49   44   2  71   7  11  24   8
22 10 49   40   6  63   6   4  46  12
29 10 49   63   3  78   5   3  18   8
 5 11 49   33   1  90   5   7  39   9
12 11 49   48   0  86   4   4  29   8
19 11 49   23   1  87   3   2  42  10
26 11 49   28   0  78   6   5  28   4
 3 12 49   31   1  77   5   5  35  17
10 12 49   26   2 145  17  16  67  21
17 12 49   34   3 153  20  22  38  24
24 12 49   32   3 118  11  16  99  25
31 12 49   47   3 249  10  20  68  20
 7  1 50   43   0 246  15  31 100  32
14  1 50   54   1 304   7  26 100  20
21  1 50   36   7 272   8  12  90  22
28  1 50   24   5 320   6  22  70  11
 4  2 50   42   3 405   5  32  65  24
11  2 50   38   3 463   4  31  97  20
18  2 50   71   2 425  10  32 127  35
25  2 50   45   1 522  13  36 135  53
 4  3 50   75   6 515  17  49 159  43
11  3 50   60   5 482  17  37 195  60
18  3 50   54   5 413  30  32 269  63
25  3 50   98   2 454  30  46 298 105
 1  4 50  118   8 384  63  51 351  68
 8  4 50   91   1 339  48  47 284  82
15  4 50  171   3 344  75  62 298 103
22  4 50  174   6 266  58  65 298 104
29  4 50  203   9 228  64  65 331  87
 6  5 50  141  18 206  42  82 241  51
13  5 50  262   5 240  54  94 221  70
20  5 50  366  11 168  48 126 386  97
27  5 50  463   7 195  82 110 409 100
 3  6 50  478  12 131  73 151 467 138
10  6 50  613   8 161 107 182 493 120
17  6 50  529   9 143 147 166 442  95
24  6 50  645  18 101 124 133 436  92
 1  7 50  626  19 106 147 144 345  89
 8  7 50  649  21  67 157 142 311  68
15  7 50  647  24 104 232  92 268  98
22  7 50  601  14  67 236 106 252 107
29  7 50  580  32  88 243  47 253 116
 5  8 50  664  20  50 247  55 243 125
12  8 50  474  39  47 200  37 178 133
19  8 50  362  37  55 188  39 143 115
26  8 50  316  39  26 126  30  97  72
 2  9 50  199  24  40 141  18  64  79
 9  9 50  162  32  25  96  22  45  45
16  9 50  146  25  23 107  20  48  52
23  9 50  201  51  17 161  13  56  39
30  9 50  217  83  17 168  10  38  75
 7 10 50  289 143  29 269   8  37  45
14 10 50  303 115  13 304   5  60 151
21 10 50  366 111   5 367   5  61 105
28 10 50  471 126  13 387   7  83 123
 4 11 50  512  81  11 387   3 103 141
11 11 50  544 136  11 449   4 107 202
18 11 50  766  97  16 398   0 161 207
25 11 50  827 184  17 543   4 136 210
 2 12 50 1210 154  18 489   4 188 229
 9 12 50 1236 239  13 602   2 207 258
16 12 50 1534 219  13 659   6 198 342
23 12 50 1556 225  13 520   3 225 264
30 12 50 1922 392  10 826   7 312 369
 6  1 51 2753 338  13 767   5 303 456
13  1 51 2425 311   8 766   4 250 389
20  1 51 2185 233  32 494   8 197 301
27  1 51 2210 185  33 500   6 208 269
 3  2 51 2368 180  43 386  13 200 317
10  2 51 2929 239  44 512  18 240 271
17  2 51 3178 281  59 442  20 295 293
24  2 51 3746 392  60 383  33 396 298
 3  3 51 3315 342  95 333  40 562 295
10  3 51 3501 497  98 268  41 590 236
17  3 51 3136 397 147 402 104 885 273
24  3 51 2518 400 151 308  88 820 317
31  3 51 2360 470 263 333 103 689 339
 7  4 51 2083 370 239 310  76 1031 314
14  4 51 1610 274 272 250 108  867 237
21  4 51 1211 231 243 228 101  836 197
28  4 51 1017 196 316 230 138  917 179
 5  5 51  871 232 300 196 123  771 191
12  5 51  881 196 405 205 280  821 201
19  5 51  701 158 523 114 200  742 220
26  5 51  748 161 546 143 302  794 191
 2  6 51  540 155 472 103 311  603 165
 9  6 51  420 131 530 140 267  547 157
16  6 51  426  95 450  84 269  517 136
23  6 51  335  70 448 124 216  296 136
30  6 51  230  42 410  92 279  312 144
 7  7 51  226  62 310  62 197  238 183
14  7 51  187  29 319  48 177  141 125
21  7 51  155  35 249  23 133  169 130
28  7 51  114  16 284  26  90   96  88
 4  8 51   93  24 258  23 101   98  86
11  8 51   69  10 176  17  39   56  64
18  8 51   58   7 150  14  37   54  57
25  8 51   51   6 135  16  27   44  22
 1  9 51   68   5 111  10  24   33  24
 8  9 51   50   3 109   7  20   29   7
15  9 51   35   3  77  12  21   20   5
22  9 51   41   6 105   8  12   16   6
29  9 51   18   2 128  18   7    8   6
 6 10 51   22   1 115  12   8   12   3
13 10 51   32   6 143  32   9    9   4
20 10 51   71  34 127  22   6   24   2
27 10 51   53  20 132  33  11   17   3
 3 11 51   65  25 131  25   7   44   4
10 11 51   50  26 121  42   5   18   4
17 11 51   47  20 153  43  14   34   3
24 11 51   22  28 100  43   6   31   3
 1 12 51   28  25 166  44  13   30   1
 8 12 51   30  38 134  61  22   31   1
15 12 51   16  42 154  32  16   35   3
22 12 51   28  20 172  39   7   31   3
29 12 51   19  21 148  38   5   50   0
 5  1 52   46  14 274  78  15   39   3
12  1 52   33  13 195  69  13   27   4
19  1 52   44   5 214  96  18   43   7
26  1 52   41   5 177  94  12   52  10
 2  2 52   50  14 209 144   6   32  14
 9  2 52   65   7 273 210  13   90   9
16  2 52  103   7 263 158  17   62   8
23  2 52  123  18 300 217  32  113  10
 1  3 52  153  22 305 189  42  115   4
 8  3 52  218  33 395 254  57  179  12
15  3 52  256  25 362 221  37  137   7
22  3 52  201  16 368 226  82  213  24
29  3 52  270  18 321 284  53  181  24
 5  4 52  231  32 332 306  77  175  55
12  4 52  210  15 234 223 100  155  71
19  4 52  294  46 234 348  93  164  90
26  4 52  275  33 314 243 175  130 117
 3  5 52  222  26 215 210  86  111  83
10  5 52  240  30 259 186  85   87 108
17  5 52  320  50 258 194 103   96  96
24  5 52  330  73 301 190 121  156 202
31  5 52  519  58 356 192 134  121 146
 7  6 52  553  75 267 185 151   90 210
14  6 52  745  77 330 201 178   98 230
21  6 52  639  97 341 174 157  102 210
28  6 52  714 103 298 270 214  114 223
 5  7 52  605  94 124 225 178  103 197
12  7 52  791 143 172 282 175   79 192
19  7 52  730  95 192 191 120  102 185
26  7 52  844  83 154 310 107  103 215
 2  8 52  944  66  79 271 139  105 190
 9  8 52  926  89  48 219  95  139 215
16  8 52  751  54  48 194  87  102 182
23  8 52  573  38  29 151  68  116 132
30  8 52  412  49  38  91  63   68  79
 6  9 52  280  48  16  61  47   60  67
13  9 52  240  12  16  74  29   37  52
20  9 52  272  20  15  64  38   40  35
27  9 52  354  21  19  69  17   45  22
 4 10 52  554  23  36  77  17   99  34
11 10 52  682  37  27  94  25   70  32
18 10 52  964  21  45 131  30   97  35
25 10 52 1094  23  13 127  39  122  32
 1 11 52 1252  31  28 184  23  181  41
 8 11 52  989  12  20 178  44  217  43
15 11 52 1208   8  28 212  29  272  53
22 11 52 1129   9  25 198  72  283  74
29 11 52 1560   6  30 219  46  422  98
 6 12 52 1488  15  40 212  67  509  83
13 12 52 1404  25  40 250  65  776 114
20 12 52 1797  43  37 275 118  919  68
27 12 52  996  26  34 237  71  833 126
 3  1 53 2705  96  61 413 179 1535 113
10  1 53 1905  78  71 458 242 1155 135
17  1 53 1777  62  54 359 139  958 165
24  1 53 1421 108  42 297 145  978 108
31  1 53 1470 107  81 301 115 1141 257
 7  2 53 1661 187  90 341 144 1368 275
14  2 53 1507 241 104 327 160 1482 302
21  2 53 1832 346 119 343 132 1266 277
28  2 53 1624 360 139 335  98 1074 346
 7  3 53 1621 341 157 261 121  818 293
14  3 53 1371 356 263 336 107  889 308
21  3 53 1439 398 285 258 117  677 362
28  3 53 1133 529 396 291 105  635 398
 4  4 53  953 468 488 291 126  550 292
11  4 53 1032 633 442 314 149  436 357
18  4 53  835 561 550 292 107  311 344
25  4 53  629 443 401 401  92  235 267
 2  5 53  419 419 331 166  85  190 211
 9  5 53  369 359 420 196  76  108 161
16  5 53  305 328 422 189  55   88 160
23  5 53  345 279 431 176  46   75 159
30  5 53  269 179 421 124  48   53 157
 6  6 53  297 155 442 153  41   63 126
13  6 53  207 109 506 127  30   61 117
20  6 53  291 103 527 107  43   51 101
27  6 53  173  74 519  47  40   40 134
 4  7 53  145  77 422  86  30   48 100
11  7 53  110  34 340  50  28   41  88
18  7 53  107  42 260  49  18   31  73
25  7 53   65  22 271  35  15   18  45
 1  8 53   80  14 201  31  13   15  42
 8  8 53   50  16 171  15  13    5  35
15  8 53   67  13  82  15   8   13  25
22  8 53   29   4  57  17   5   15  13
29  8 53   20   3  33  15   7   16   5
 5  9 53   27   5  51  15   3   13   8
12  9 53   19   0  22   1   5    8   8
19  9 53   16   3  19   5   2    9   3
26  9 53   13   1  22   4   2    3   3
 3 10 53    9   4  37  11   2    8   5
10 10 53   13   3  31   6   1    2   3
17 10 53   25   0  29   2   0    4   2
24 10 53   19   0  24   3   0    3   1
31 10 53   12   1  31   6   1    3   4
 7 11 53   31   2  21   5   1    4   2
14 11 53   24  15  25   3   2    4   1
21 11 53   15   0  30   6   3    2   2
28 11 53   20   0  21   4  22    5  10
 5 12 53   12   1  29   2   4    5   2
12 12 53   17   2  18   4   7    4   2
19 12 53   12   0  20   1   1    6   4
26 12 53    1   0  22   1   0    2   0
 2  1 54   58   1  53   6   6    5   7
 9  1 54   13   0  29   3   4   23   5
16  1 54   18   0  34   3   2    7   2
23  1 54   12   5  28   5   0    4   2
30  1 54   11   1  22   2   2    5   2
 6  2 54   19   1  22   6   0    6   2
13  2 54   16   1  39   3   1    3   6
20  2 54   29   2  55   9   0    5   3
27  2 54   33   4  41   3   1    5   9
 6  3 54   33   4  65  11   2   10   3
13  3 54   41   2  64   7   1    4   5
20  3 54   57   1  89   7   1    3   4
27  3 54   32   1 107  10   0    5   4
 3  4 54   45   0 119  11   5    4   3
10  4 54   67   0 122   7   0    6   6
17  4 54   67   0  94   1   2    2   2
24  4 54   93   0 129   8   1    0   7
 1  5 54   72   1 123   5   5    9   6
 8  5 54   71   2 126   5   7    5   1
15  5 54   58   0 118   9   2    4   6
22  5 54   61   4 133  14  10   10   5
29  5 54   42   0 134  12   9    6   5
 5  6 54   68   0 143  40  28    8   4
12  6 54   83   0 189  62  45   13   6
19  6 54   93   2 235  44  35    5  10
26  6 54   81   8 201  75  45    8  13
 3  7 54   94   7 242  47  65    6   5
10  7 54  121   8 232  72  34   11   6
17  7 54  191   7 235  80  46    9  16
24  7 54  169   7 258  71  41    5  22
31  7 54  147  13 294  82  37    6  10
 7  8 54  126  14 226 118  42    8  16
14  8 54  123   6 251  91  29   17  16
21  8 54  105   8 186  85  15    9  16
28  8 54   81   4 172  72  21    6   7
 4  9 54   63   4 159  82  15   13  10
11  9 54   57   5 113  67  14    9   8
18  9 54   87   2 168 129   7   10   9
25  9 54   80   0 177 165   5    5   8
 2 10 54  125   2 137 285  12    9   7
 9 10 54  159   0 194 380   8   12  10
16 10 54  185   1 178 326  19    4  14
23 10 54  204   1 250 524  23    8  32
30 10 54  254   1 194 512  23    6  39
 6 11 54  285   0 277 651  30   12  42
13 11 54  209   0 239 582  20    8  39
20 11 54  262   4 342 642  22   19  28
27 11 54  273   0 265 867  26   19  34
 4 12 54  390  16 324 872  26   16  20
11 12 54  473   5 333 894  25   12  39
18 12 54  548  26 279 709  19   24  41
25 12 54  550  17 132 558  28   14  84
 1  1 55  988  25 314 631  17   37  63
 8  1 55 1004  31 269 629  31   32  92
15  1 55  791  27 215 496  29   45  74
22  1 55  656  13 155 328  41   70  63
29  1 55 1137  18 216 442  53  142 122
 5  2 55 1295  40 170 387 136  240 142
12  2 55 1945  37 213 519 190  403 188
19  2 55 2402  67 240 502 265  408 234
26  2 55 2694  41 283 483 326  877 360
 5  3 55 3412  55 252 350 310  844 478
12  3 55 2626  63 250 316 263 1410 547
19  3 55 3685  60 166 236 347 1461 618
26  3 55 3337  83 200 168 266 1824 706
 2  4 55 4103  97 206 181 270 2286 804
 9  4 55 3089 134 178 117 193 1941 769
16  4 55 3291 164 171 114 211 2336 750
23  4 55 2614 257 226  86 218 1868 624
30  4 55 1789 193 206  74 185 1430 442
 7  5 55 1236 321 211  73 156 1156 356
14  5 55 1063 358 178  77 167 1041 293
21  5 55  962 569 220  44 127  955 273
28  5 55  923 676 141  53 109  850 313
 4  6 55  792 835 132  34  76  565 161
11  6 55  932 703 159  69  74  606 369
18  6 55  496 768 132  67  68  460 205
25  6 55  506 761 145  48  42  317 165
 2  7 55  342 633 135  41  60  332 100
 9  7 55  380 516 147  49  28  247  98
16  7 55  272 385 102  34  23  104  86
23  7 55  192 432  73  34  12  106  70
30  7 55  166 313  81  34  13   59  35
 6  8 55  130 189  45  20   2   55  44
13  8 55  124 136  58  31  12   30  10
20  8 55   82  77  28  37   4   22  17
27  8 55   76  28  38  22   5   18   7
 3  9 55   58  27  19  37   4    6   5
10  9 55   38  13  22  17   2    5   8
17  9 55   22   7  16  15   2   12   7
24  9 55   24   8  25  11   3    9   0
 1 10 55   32   2  23  13   3   11   2
 8 10 55   29   5  17  21   0    6   1
15 10 55   41   3  18  12   0   16   1
22 10 55   33   2   9   7   0    8   1
29 10 55   33   2  19   9   0    8   4
 5 11 55   28   3  10  14   0    6   1
12 11 55   36   1  25  10   4    5   4
19 11 55   30   0  16  17   1   11   1
26 11 55   29   2  17   4   2    7  10
 3 12 55   22   3  18  12   1    8  12
10 12 55   20   3  24   1   6    5   7
17 12 55   13   1  18   5   7   13   6
24 12 55   15   1   8  12   2    0  10
31 12 55   22   0  23   9   5    6  11
 7  1 56   26   0   9  35   2    5   9
14  1 56   26   5  10  16  13    7   4
21  1 56   20   1  16   8   6    6   3
28  1 56   22   1  21  11  14    8   2
 4  2 56   26   2  24  17   9    4   0
11  2 56   51   0  42  15   7    2   8
18  2 56   61   0  47  19  12    2  11
25  2 56   49   0  46  15   5    4   5
 3  3 56   76   7  42  23   5    6   2
10  3 56   54   3  24   9  17    5   0
17  3 56   56   0  39  21  16    0   2
24  3 56   66   1  16   7   3    5   2
31  3 56   76   1  26  10   1    3   1
 7  4 56   75   2  22  12   3    4   2
14  4 56  114   4  57  10   4    6   2
21  4 56   83   1  51   8   4    7  13
28  4 56   80   5  59  13   5    5   4
 5  5 56   94  10 117   6   6    4   0
12  5 56  166   9 118   6   0    3   1
19  5 56  206  22 121   9   5    7   2
26  5 56  249  12 197   4   1    9   2
 2  6 56  316  22 197  14   4    9   2
 9  6 56  317   8 198   9   2    4   1
16  6 56  282  36 216  33   5    8   1
23  6 56  280  11 179  11   8   10   1
30  6 56  374  23 288  15  10    4   4
 7  7 56  305  22 215  13   3   14   3
14  7 56  329  22 253  16   4   12   3
21  7 56  287  13 259  13   2    8   1
28  7 56  363  17 273  18   2    5   5
 4  8 56  258  16 235  20   0   18   3
11  8 56  225   8 146  24   2    2   1
18  8 56  245  21 152  27   3    7   1
25  8 56  186  12 133  23   1    6   3
 1  9 56  172   8 109  18   1    9   2
 8  9 56  104   0  93  29   2    8   1
15  9 56   98   4  89  20   1    3   3
22  9 56   85   2 107  31   5   12   2
29  9 56  100   2 110  30   4    5   4
 6 10 56  140   0 103  36   3    8   5
13 10 56  146   1 105  59  10    8   2
20 10 56  190   0 155  46  25   11   1
27 10 56  195   1 154  94  14   10   9
 3 11 56  193   1 175  54  21   10   4
10 11 56  232   0 146  67  13   22   4
17 11 56  220   1 201  48  24   31   2
24 11 56  314   1 177  88  17   18   3
 1 12 56  266   2 180 103  30   51   7
 8 12 56  390   1 192 184  26   39   9
15 12 56  397   1 208 228  68   34   7
22 12 56  397   2 197 221  70   42   8
29 12 56  438   5 258 264  81   30   1
 5  1 57  798   4 381 416 189   80  12
12  1 57  674   6 299 339 277   78  17
19  1 57  680   7 291 258 284   51  11
26  1 57  682  14 247 437 349   73  20
 2  2 57  971  21 416 510 373   58  16
 9  2 57 1353  25 459 572 547  136  29
16  2 57 1508  24 469 606 556  140  56
23  2 57 1945  28 479 743 616  234  68
 2  3 57 1876  52 497 718 444  282  99
 9  3 57 2225  74 506 714 471  403 119
16  3 57 1832  54 646 768 339  461 134
23  3 57 2034  83 654 610 329  722 154
30  3 57 1724  99 568 630 195  640 158
 6  4 57 2007 124 464 592 151  840 185
13  4 57 2016 217 350 548 115 1133 220
20  4 57 1767 213 356 483  27  905 227
27  4 57 1780 328 244 486  89 1239 236
 4  5 57 1640 347 230 419  34  975 273
11  5 57 1169 292 211 221  31  816 243
18  5 57  869 263 242 235  27  694 324
25  5 57 1071 377 196 198  12  961 438
 1  6 57  893 403 216 219  10  850 602
 8  6 57  964 421 197 137  20 1033 611
15  6 57  856 376 194 170  15  921 738
22  6 57  752 518 141 159  12  986 803
29  6 57  584 408 151 113   9  739 582
 6  7 57  427 381 138 110   8  447 471
13  7 57  344 349 136  84  16  407 392
20  7 57  225 303 108  88   9  447 362
27  7 57  219 259  85  50   6  387 278
 3  8 57  216 212  88  44  11  303 166
10  8 57  162 177  74  20   7  186 139
17  8 57  148  99  71  35   3  132 109
24  8 57   90  81  55   6   7   94  63
31  8 57   60  32  48   5   6   45  34
 7  9 57   53  21  42  10   5   83  18
14  9 57   28  21  20  10   4   19  11
21  9 57   28  38  27   8   1   12   3
28  9 57   20  33  13   5   0   13   1
 5 10 57   23  37   7   9   3   31   5
12 10 57   24  21   9   8   0    4   6
19 10 57   27  25   6   8   0    9   9
26 10 57   23  31   8  14   0    3   4
 2 11 57   23  35  18  24   1    8   2
 9 11 57   30  30  10  22   0   12   2
16 11 57   36  25  18  39   1   17   0
23 11 57   31  23  20  12   0    6   0
30 11 57   37  19  22  18   0   14   0
 7 12 57   44  20  24  12   2    8   0
14 12 57   40  26  26  25   0   16   1
21 12 57   35  26  24   6   0    9   1
28 12 57   23   7  44  20   1    3   3
 4  1 58   27  14  45  16   1   11   1
11  1 58   39   9  26  16   0    9   1
18  1 58   18  15  23  20   0   10   1
25  1 58   39   0  31  19   3   23   1
 1  2 58   56   6  53  25   1   43   1
 8  2 58   64  12  58  27   1   25   3
15  2 58   89   9  60  40   1    9   0
22  2 58  153  23 161  29   1   41   3
 1  3 58  110  28 128  39   1   39   1
 8  3 58  210  30 179  17   1   20   0
15  3 58  140  16 159  26   2   38   4
22  3 58  232  47 153  17   0   40   1
29  3 58  165  48 164  42   0   56   0
 5  4 58  250  30 150  44   1  117   1
12  4 58  281  49 150  40   2   89   5
19  4 58  444  67 154  57   2  102   6
26  4 58  294  62 150  47   1   96   5
 3  5 58  283  42 125  39   1  126   1
10  5 58  349  65 140  39   1   88   2
17  5 58  436  72 115  32   5   94   1
24  5 58  596  88 189  24   0   83   1
31  5 58  549 102 131  55   0   91   3
 7  6 58  592 131 185  38   5  102   8
14  6 58  457 129 169  63   3  131   8
21  6 58  515 125 237  62   5  103  15
28  6 58  475 155 218  74   3  147   7
 5  7 58  483  99 263  99   4  176   9
12  7 58  537  89 300  97   2  172  14
19  7 58  568 122 253  79   2  229  15
26  7 58  508 106 257  96   2  258  16
 2  8 58  461 111 241 119   4  238  13
 9  8 58  318  92 196  92   0  193   7
16  8 58  283 102 166  84   3  170  19
23  8 58  221  76 129  65   6   93  18
30  8 58  199  35  73  61   7   70  11
 6  9 58  118  36  74  54   7   58  12
13  9 58   94  25  61  40   6   44   4
20  9 58  100   9  50  52   2   30   3
27  9 58  120  26  41  60   3   36   6
 4 10 58  122  24  56  88   2   24   4
11 10 58  164  28  70  67   4   30   6
18 10 58  198  20  53  85   3   39  18
25 10 58  243  38 108  34   2   46  16
 1 11 58  300  29  79  87   1   47  19
 8 11 58  307  29 101  69   0   56  23
15 11 58  326  25 138  81   5   36  33
22 11 58  387  27 128  89   0   47  24
29 11 58  398  27 109  99   4   58  61
 6 12 58  561  33 136 116  15   69  48
13 12 58  633  36 143 117  26   85  53
20 12 58  666  42 233  73  32   94  88
27 12 58  617  74 117  74  16   31  69
 3  1 59 1466  45 360 133  65  159 206
10  1 59 1068  44 296 158  99  144 209
17  1 59 1001  32 277 125  79  149 185
24  1 59  983  40 189 178  95  188 214
31  1 59 1302  43 226 219  57  284 195
 7  2 59 1438  70 217 242 169  382 289
14  2 59 1400  76 213 276 238  525 348
21  2 59 1561 164 252 215 354  536 434
28  2 59 1419 126 252 224 225  647 326
 7  3 59 1360 162 165 315 278  582 380
14  3 59 1485 166 103 268 292  531 306
21  3 59 1262 133 169 280 365  587 379
28  3 59 1360 175 140 226 374  501 300
 4  4 59 1388 193 188 332 340  725 288
11  4 59 1376 232 157 319 419  739 257
18  4 59  972 141 143 363 295  504 205
25  4 59  695 199 115 217 217  414 150
 2  5 59  675 287 150 234 208  378 169
 9  5 59  638 344  96 266 244  339 150
16  5 59  719 327 157 255 188  430 224
23  5 59  673 297 147 286 168  332 229
30  5 59  687 289 141 233 134  372 284
 6  6 59  572 202 154 234 117  352 245
13  6 59  585 240 127 237  87  240 269
20  6 59  405 167 161 142  83  284 278
27  6 59  404 215 141 190 154  248 238
 4  7 59  342 214 139 138 142  192 255
11  7 59  310 155 130 146  80  194 190
18  7 59  197 137 164  96  69  113 176
25  7 59  180 112 110  87  30  119 144
 1  8 59  133  96  97  83  22  119 108
 8  8 59  117  47  72  57  18   75  57
15  8 59  113  66  69  49  17   53  54
22  8 59   90  41  41  39  14   51  30
29  8 59   68  18  42  23   9   32  26
 5  9 59   43  19  40   7   2   24  13
12  9 59   32   5  28  10  11   15   9
19  9 59   29   8  14   7   6   22   5
26  9 59   20   5  22  18   4   16   2
 3 10 59   26  11  24  29   9   10   6
10 10 59   36   8  37  20   2    8  18
17 10 59   25   6  39  11   2   15  11
24 10 59   26   4  56  19   0    9  12
31 10 59   15   0  94  19   4   16   6
 7 11 59   22   2  69  14   0   31  18
14 11 59   19   2  82  14   1   21   2
21 11 59   16   2  66   5   2    7   7
28 11 59   19   3  85  11   1   26  21
 5 12 59   26   2  83  11   1   10   8
12 12 59   16   2  84  12   1    5   7
19 12 59   23   2  71  16   2    6  16
26 12 59   18   1  37   8   2    7  12
 2  1 60   19   2  78  20   5   16   8
 9  1 60   17   4  51  15   8   17   6
16  1 60   17   1  66  19   2   15   5
23  1 60   16   2  46  19   3    5   4
30  1 60   29   0  61  13   1    2   2
 6  2 60   44   3  55  22   2    6   2
13  2 60   34   3  66  22   0    4   0
20  2 60   47   0 141  36   0    5   2
27  2 60   60   2  78  62   1    4   3
 5  3 60   95   2 136  54   1    3   4
12  3 60   90   3 134  61   2    8   8
19  3 60  100   2 147  51   0    3   4
26  3 60   83   4 137  53   2    8   9
 2  4 60   86   3 188  97   0    6   0
 9  4 60   70   7 218  67   0    2   1
16  4 60   81   5 191  77   1    1   1
23  4 60   96   7 150  89   1    6   0
30  4 60  112   5 222  75   2    4   1
 7  5 60  106   1 123  63   0    3   2
14  5 60   93   6 159  80   4   10   4
21  5 60   88   2 210  94   3    4   3
28  5 60   99   1 188  96   1    5   6
 4  6 60  137   3 291 115   4    6   6
11  6 60  146   7 221  82   2    6   2
18  6 60  122   6 383 124   5    9   8
25  6 60  134  16 234 109   3    4  10
 2  7 60  134   3 294 118   6    4  10
 9  7 60  101  20 293 143   5    9  13
16  7 60  107   5 256 105   5   17  12
23  7 60  163  20 254 132   2   19  19
30  7 60  139   7 210 101   2   14  40
 6  8 60  147  20 208  96   6    9  18
13  8 60  133  15 180  97   2    6  27
20  8 60  114  11 128  74   2   11  19
27  8 60   80   8 119  85   3   10  31
 3  9 60   61   4  92  64   5   11  16
10  9 60   46   2  63  50   7    9  16
17  9 60   54   4  63  54   4    7  19
24  9 60   48  10  79  48   4   10  11
 1 10 60   86   8  91  57   3   11   8
 8 10 60  112  14  82  60   2   26  14
15 10 60  173  12 152  62   4   30  13
22 10 60  183  10 136  78   0   16   5
29 10 60  261  11 151 108   1   37  15
 5 11 60  288  37 259 130   1   41   3
12 11 60  301  15 200  90   0   46  13
19 11 60  302  13 221 144   1   49   6
26 11 60  400  14 229  67   1   54  19
 3 12 60  400  13 221 127   6   85  18
10 12 60  499  20 250 142   4   15  44
17 12 60  621  25 234 159  10  111  25
24 12 60  726  56 249 126  10  170  52
31 12 60  910  84 219 244  35  254  46
 7  1 61 1390  98 283 330  33  449  90
14  1 61 1310  74 255 234  69  298  81
21  1 61 1087  80 228 220  51  325  91
28  1 61 1552  54 161 202  33  357 202
 4  2 61 2008  91 142 184 144  430 146
11  2 61 2797 108 179 266 200  919 331
18  2 61 3204 138 211 306 183  965 287
25  2 61 3339 186 152 323 247 1235 405
 4  3 61 3403 167 199 313 260 1318 333
11  3 61 2986 215 171 300 224 1364 375
18  3 61 3032 207 132 297 283 1561 339
25  3 61 2513 292 136 320 243 1102 424
 1  4 61 2517 333 157 228 189 1177 355
 8  4 61 2857 456 145 288 242 1190 451
15  4 61 2391 558 200 245 385 1309 416
22  4 61 1881 512 145 219 268 1066 347
29  4 61 1330 431 113 157 181  653 231
 6  5 61  992 567  74 144 140  521 266
13  5 61  937 518 128 121 264  532 346
20  5 61  873 506 114 143 297  488 330
27  5 61  727 546 111 116  66  298 314
 3  6 61  682 433 161 149 252  426 297
10  6 61  597 289 137  82 160  329 308
17  6 61  440 365 184  78 201  200 287
24  6 61  420 208 177  95  78  293 225
 1  7 61  347 317 162 122 175  180 162
 8  7 61  304 179 195  70  44  131 155
15  7 61  210 155 163 112  65   91 124
22  7 61  185 111 155  75  51  121  92
29  7 61  190 121 139  77  11   99  71
 5  8 61  145 111 135  71  15   52  55
12  8 61  120  82  77  49  16    7  39
19  8 61   92  52  72  66  12   51  21
26  8 61  107  50  49  39   0   44  23
 2  9 61   72  30  51  30  16   22  11
 9  9 61   49   8  38  27  11   18  11
16  9 61   47   6  22  33   0   17   8
23  9 61   39   3  23  34   3   10   2
30  9 61   36   2  20  35   0   15   4
 7 10 61   40   3  19  28   2    4   5
14 10 61   44   5  16  36  13   14   4
21 10 61   45   5  12  18   1   15   9
28 10 61   36   1  17  15   1    2   5
 4 11 61   51   3  15  22   0    6  10
11 11 61   40   1   9  36   0    9   1
18 11 61   33   1   9  41   0    5   8
25 11 61   40   1   7  47   3   14   4
 2 12 61   30   0   4  38   3    3  13
 9 12 61   39   2  11  29   0    7  11
16 12 61   20   0  16  44   0    6   3
23 12 61   19   0   5  22   0   13  10
30 12 61   26   1   9  13   0    8   6
 6  1 62   24   2   9  32   0    7   5
13  1 62   30   0   7  33   0    5  11
20  1 62   28   1  21  12   1    9   2
27  1 62   33   0  22  18   2    2  12
 3  2 62   45   2  13  19   0   10   0
10  2 62   48   0  20  19   0   10   4
17  2 62   44   2  18  26   1    9   3
24  2 62   77   0  34  26   3   16   1
 3  3 62   59   0  20  33   0   19   0
10  3 62   83   2  29  43   4   18   4
17  3 62   91   0  22  55   1   19   1
24  3 62  112   0  48  36   0   23   2
31  3 62  146   4  59  36   0   14   5
 7  4 62  109   1  64  44   1   25   0
14  4 62  142   3  37  38   0   36   5
21  4 62  131   0  49  28   2   21   0
28  4 62  118   0  43  32   2   17   2
 5  5 62  109   2  47  31   4   53   7
12  5 62  131   1  22  28   1   23   2
19  5 62   85   4  37  29   2   40   0
26  5 62   66   0  34  34   1   18   9
 2  6 62   66   2  38  32   2   14   3
 9  6 62   54   0  48  31   1   21   1
16  6 62   68   0  42  15   0   16   0
23  6 62   73   0  75  56   4   18  14
30  6 62   65   1  69  34   1   27   6
 7  7 62   75   1 105  50   1   11   3
14  7 62   68   1 128  63   1   26   5
21  7 62  128   0 217  59   6   43   3
28  7 62  137   1 184  73   1   28  10
 4  8 62  130   0 214  71   1   32   3
11  8 62  112   0 260  80   0   16   7
18  8 62  117   0 294  54  10   20   7
25  8 62   91   1 217  54   0   12  12
 1  9 62   94   0 166  25   8   17   5
 8  9 62   83   2 198  22   1    3  13
15  9 62   71   2  83  24   5   12   9
22  9 62   57   2 115  19   3   10  10
29  9 62  113   3 126  31   6   15  14
 6 10 62  166   3 224  35   5   27  34
13 10 62  194   0 265  32   4   42  63
20 10 62  186   4 393  45   7   77  84
27 10 62  271   2 567  36   2   85 134
 3 11 62  317   1 592  71   7   94  80
10 11 62  425   3 657  63   4  126 118
17 11 62  345   1 725  75  17  124 123
24 11 62  467   4 645  71  10  241 132
 1 12 62  558  10 813 112  18  191 149
 8 12 62  692   5 730 131  26  287 277
15 12 62  868  36 632 149  50  368 299
22 12 62  848   8 564 169  37  419 320
29 12 62  633  23 402 188  88  296 239
 5  1 63 1370  71 646 322 248  734 539
12  1 63 1103  79 537 358 234  710 426
19  1 63  820  97 313 257 205  659 305
26  1 63  877  93 226 250 156  502 346
 2  2 63  901 118 180 225 400  662 311
 9  2 63 1190 301 188 411 459 1022 516
16  2 63 1050 169 158 426 264  779 439
23  2 63 1250 202 156 398 434 1004 467
 2  3 63 1121 264  88 340 164  807 424
 9  3 63 1052 259  78 282 134  721 340
16  3 63  983 254  68 225 104  797 353
23  3 63 1016 177  65 185  84  713 287
30  3 63 1199 200  54 228 146  786 244
 6  4 63 1287 295  52 158  65  587 176
13  4 63 1175 212  55 128  45  345 174
20  4 63 1450 356  68 178  27  405 126
27  4 63 1332 355  46 183  50  343 148
 4  5 63 1102 285  90 167  14  289 130
11  5 63  756 201  49  99  27  252  85
18  5 63  713 405  52 106  21  192  87
25  5 63  622 328  59 100  13  213  93
 1  6 63  775 368  59 153  11  245  83
 8  6 63  663 319  33 155   6  186  78
15  6 63  862 306  61 148  29  208  79
22  6 63  588 218  58 148   5  113  94
29  6 63  571 223  59  97  30  160  67
 6  7 63  477 152  53  76  17   88  78
13  7 63  471 153  46  75  34   85 116
20  7 63  457  83  57  65  19   91  78
27  7 63  503 137  46  66  13   71  74
 3  8 63  338 106  53  83  28   46  64
10  8 63  231  76  34  45   8   45  46
17  8 63  183  41  37  32   8   67  27
24  8 63  175  24  37  53   0   69  25
31  8 63   77  62  30  13  19   23  20
 7  9 63   74  14  28  18  24   35   8
14  9 63   43  21  36  13  20   28  12
21  9 63   45  17  27  13  10   22  13
28  9 63   48  12  29  17  10   12  29
 5 10 63   37   7  37  22   9   13  40
12 10 63   38  10  43  19  25   13  42
19 10 63   27  17  61  42  14   16  21
26 10 63   43   5  62  29  55   10  35
 2 11 63   38  10  59  15  56   28  31
 9 11 63   56  19  60  20  46   20  50
16 11 63   48  34  67  16  58   48  20
23 11 63   36  33  84  16  13   41  36
30 11 63   54  32  91   8  46   20  32
 7 12 63   49  26 100  17  27   31  31
14 12 63   29  13 113   8  26   39  21
21 12 63   39  26 123   8  35   29  16
28 12 63   16  21  75   7  44    6  13
 4  1 64   39  30 165  21   0   84  40
11  1 64   37  14 166  14  59   83  35
18  1 64   38  14 121  23  23   49  21
25  1 64   39  13 113  48  22   55  16
 1  2 64   56  16 124  39  13   47  38
 8  2 64   79  71 143  61  11   76  23
15  2 64   70  41 173  30  23   71  48
22  2 64   65  76 200  44  25   75  25
29  2 64   74  35 257  29  17   81  26
 7  3 64   86  57 204  35  15  132  22
14  3 64  105  59 209  27  27  115  28
21  3 64  143  36 307  31  13  167  31
28  3 64  148  23 196  23   6  129  24
 4  4 64  143  25 216  23  25  194  18
11  4 64  121  25 238  23   6  185  12
18  4 64  125  42 151  25  35  166  11
25  4 64  100  16 174  27  19  145   9
 2  5 64  110  29 127  28  24  171   9
 9  5 64  147  11 146  40  41  187   2
16  5 64  179  49 141  64  44  202  24
23  5 64  175  19 171  77  16  177  24
30  5 64  239  40 154 162  43  316  44
 6  6 64  229  21 160  92  37  288  35
13  6 64  256  20 213  99  44  263  45
20  6 64  235  17 216 122  45  272  48
27  6 64  330  14 236 128  45  229  67
 4  7 64  327  15 278 143  58  256  94
11  7 64  375  23 237 170  52  241 110
18  7 64  318  24 149 113  41  105  70
25  7 64  423  35 190 131   3  202 136
 1  8 64  512  59 256 204  50  243 187
 8  8 64  408  75 109 135  32  159 158
15  8 64  347  63  87 152  52  133 157
22  8 64  260  53  81  96  11   82 103
29  8 64  187  42  73 112  24   44  81
 5  9 64  180  26  63  42  19   36  45
12  9 64  149  16  33  52   4   29  48
19  9 64  160  12  19  42   9   24  63
26  9 64  132  19  28  49   1   42  47
 3 10 64  132  28  54  49   2   53  39
10 10 64  194  31  30  73   0   36  85
17 10 64  238  21  45  46   4   33 120
24 10 64  247  20  58  78   1   48 159
31 10 64  299  28  53  88  13   50 154
 7 11 64  316  34  48  90   9   47 168
14 11 64  469  38  53  90   1   66 132
21 11 64  539  27  69 129   5   88 187
28 11 64  563  20  61 144  18   98 149
 5 12 64  679  39  99 127   8  147 231
12 12 64  695  31  47 178  12  151 186
19 12 64  810  34  64 173  13  124 210
26 12 64  666  42  48 130  28  110 137
 2  1 65 1157  91 161 177   0  178 232
 9  1 65 1172  46  78 253  52  205 231
16  1 65 1042  44 128 211  38  198 231
23  1 65  959  99  92 175  86  160 138
30  1 65 1071 120 119 228  38  123 183
 6  2 65 1375 182  84 249 138  187 235
13  2 65 1819 224 120 257 173  265 300
20  2 65 1745 178 164 214 134  275 357
27  2 65 1848 209 149 187 345  310 297
 6  3 65 1900 213 156 201 159  293 254
13  3 65 1444 189 115 153 183  298 181
20  3 65 1540 296 116 133 146  297 132
27  3 65 1089 193 118 145 132  315 160
 3  4 65 3946 297 149 140 102  403 129
10  4 65 3152 329 106 105 141  241  93
17  4 65 2358 220  85  78 137  290 120
24  4 65 2431 255 105  90  83  320  60
 1  5 65 2337 215 125  68 136  291  74
 8  5 65 1708 206 108  84  92  339  44
15  5 65 1382 135 122  69  53  255  70
22  5 65 1101 169 101  72  66  211  61
29  5 65  991 122 162  70  58  229  98
 5  6 65  959 202 168 101  73  218  83
12  6 65  773 170 152  48  49  181  58
19  6 65  855 233 170  89  48  219  99
26  6 65  710 167 196  91  61  180 103
 3  7 65  629 133 206  96 122  186  90
10  7 65  529 111 209  86  47  167  50
17  7 65  494 138 222  78  36  208  58
24  7 65  417  69 266  63  30  170  43
31  7 65  398  62 224  66  45  124  62
 7  8 65  424 106 187  24  65  132  39
14  8 65  288  27 148  38  26   90  72
21  8 65  249  35 105  18  22   50  53
28  8 65  183  30  93  16  23   40  27
 4  9 65  136  31 106  17  18   73  15
11  9 65  120  16  87  13  10   24  21
18  9 65  113  14  74   9   7   43  17
25  9 65   99   6 110   9   9   31  17
 2 10 65  101  12  69  14  20   24   7
 9 10 65  141   5 129   5   5   42  11
16 10 65  135  12 104  21   2   37  14
23 10 65  164   4 150  15   4   59   6
30 10 65  170   7  98  24   2   42  15
 6 11 65  261   4 118  33   1   40  20
13 11 65  184   4 184  37   0   27  13
20 11 65  153   6 161  53   4   43  21
27 11 65  133   3 174  92   4   29  15
 4 12 65  151   0 177  54   8   30  16
11 12 65  185   4 179  73  11   40  20
18 12 65  140   1 210  48   0   39  16
25 12 65  185   4 154  34   0   37  33
 1  1 66  228   7 213  62   0   82  16
 8  1 66  242   9 223  59   1   74  62
15  1 66  269  14 206  44   4   53  34
22  1 66  205   7 213  26   4   98  39
29  1 66  249   8 166  35   6   90  15
 5  2 66  383  12 166  25  11   91  26
12  2 66  388  20 180  19  15  111  24
19  2 66  397  20 120  16   7  117  15
26  2 66  427  13 147  24   8  126  17
 5  3 66  376   8 114  23  17  110  26
12  3 66  477  21  92  28   8  142  19
19  3 66  392  41 127  21  10  139  28
26  3 66  418  78 116  23   9  144  49
 2  4 66  533  85 111  22   9  130  61
 9  4 66  387  98 119  23   8   83  59
16  4 66  510 128  77  29   5  149  69
23  4 66  605 122 134  38   7  118  74
30  4 66  525 161 100  34   8  102  89
 7  5 66  459 139 107  24  10   65  79
14  5 66  429  83  92  16   7   82  50
21  5 66  456  92  66  21   4  101  53
28  5 66  621  80  87  26   4   96  63
 4  6 66  479 158  64   2   8  103  61
11  6 66  752 117  91  44  14  129  87
18  6 66  609 108  94  37   1   95 127
25  6 66  714 130  42  59  27   92 145
 2  7 66  717 143  59  54   5   93 175
 9  7 66  839 115  67  59  42  116 159
16  7 66  781  95  59  54  13  142 163
23  7 66  812 162  68  80  38  151 181
30  7 66  855  83  61  71  43  156 161
 6  8 66  978  93  73  79  33  121 153
13  8 66  965  89  55  62  52   90 163
20  8 66  828  63  53  52  33  106 104
27  8 66  600  46  73  83  24   69 107
 3  9 66  403  26  29  68  26   51  70
10  9 66  401  23  40  46  23   42  53
17  9 66  327  17  28  33  12   26  50
24  9 66  340  23  40  63  20   30  24
 1 10 66  344   9  41  55  27   38  58
 8 10 66  449  27  58  70  28   60  67
15 10 66  694  16  40  90  53   76  90
22 10 66  889  12  65  92  40  101  97
29 10 66 1031  41  64 159  65  144  88
 5 11 66 1058  41  80 145  90  180  77
12 11 66 1238  18  94 159  76  241 106
19 11 66 1343  46 106 173  73  225 105
26 11 66 1727  45  97 158  52  310 123
 3 12 66 2177  70 148 127  89  287 103
10 12 66 2498  97 125 152  88  393 144
17 12 66 2527  86 122 156  69  312 140
24 12 66 2861 137 147 188 102  273 149
31 12 66 3361 155 148 145 101  366 126
  6     1   67 5105 219 204 185 103 516 212
 13     1   67 3994 134 212 177  87 400 178
 20     1   67 3563 216 131 165  75 337 139
 27     1   67 3357 198 177 103  55 481 151
  3     2   67 4402 173 165 149  58 449 117
 10     2   67 4967 260 198 127  67 511 178
 17     2   67 5245 195 246 126  35 539 169
 24     2   67 5464 191 307 175  44 555 223
  3     3   67 4933 172 265 144  25 587 218
 10     3   67 4084 148 278 154  22 540 225
 17     3   67 3871 157 257 123  30 420 235
 24     3   67 2730 103 194 132  30 464 211
 31     3   67 3295 136 226 132  27 393 138
  7     4   67 3034 138 216 142  41 392 156
 14     4   67 2023  98 197  95  22 300 123
 21     4   67 1512  97 188  71  25 250  62
 28     4   67 1175 101 134  77  12 236  72
  5     5   67 1087  93 130  62  21 215  60
 12     5   67  912  77  92  82  19 253  74
 19     5   67  937  72 126  70  16 188  72
 26     5   67  887  75 138  56  13 167  60
  2     6   67  622  61  94  72   9 244  55
  9     6   67  652  81 130  93   8 146  85
 16     6   67  511  67 110  65   5 180  58
 23     6   67  419  49 136  51   8 121  45
 30     6   67  342  49 128  25   5 116  58
  7     7   67  388  44 128  25   3 137  38
 14     7   67  359  24 112  37   7  82  47
 21     7   67  281  51 138  35   6  73  38
 28     7   67  198  23 102  32   7  77  59
  4     8   67  291  27  96  44   7  55  61
 11     8   67  190  21  60  15   7  54  57
 18     8   67  185  18  66  34   2  29  31
 25     8   67  110  12  45  13   3   9  35
  1     9   67   78   8  30  10   4  13  15
  8     9   67   75   3  39   8   8  12  19
 15     9   67   70  13  29  13   2  17  11
 22     9   67   49   9  11   6   3   4   8
 29     9   67   79   4  19   3   0   9  14
  6    10   67   53   8  19   6   0  11  12
 13    10   67   72   3  14   3   0  17  11
 20    10   67   67  12  11  10   4  18   9
 27    10   67   77   7   7   5   1  10  12
  3    11   67   77   3  24   3   3  33  11
 10    11   67   51   5  18   3   1  20  23
 17    11   67   51   4  11   2   1  21  18
 24    11   67   47  12  24   3   0  10  27
  1    12   67   48   8  11   7   2  23  23
  8    12   67   51  13  14  12   1  16  27
 15    12   67   40  13  14   3   1   5  19
 22    12   67   31  13  11   8   0  14  38
 29    12   67   22   3  36   4   2  14  33
 05    01   68   47  18  34   9   0  28  40
 12    01   68   35   8  17  18   1  34  49
 19    01   68   32  10  13  13   4  15  18
 26    01   68   38   9  19  12   4  22  26
 02    02   68   39  13  32   6   6  22  17
 09    02   68   51  14  15   7   6  36  39
 16    02   68   60   8  32   1  13  37  46
 23    02   68   48  19  35   3  27  37  48
 01    03   68   50   9  33   2  20  34  59
 08    03   68   71  11  50   8  45  30  65
 15    03   68   95  14  59   6  45  63  59
 22    03   68  113  10  40  12  81  54  35
 29    03   68  118  13  54   5  63  54  70
 05    04   68  138   5  51   7  67  73  87
 12    04   68  132   8  38   5  49  33  81
 19    04   68  107   0  46  24  78  51 127
 26    04   68  172   7  43  28 101 107 174
 03    05   68  150   9  49  23  68 117 145
 10    05   68  162  13  44  14  65  64 133
 17    05   68  155  12  60  21  58 102 147
 24    05   68  221  28  90  13  88  94 222
 31    05   68  292  23 151  27  95 106 392
 07    06   68  260  11 147  14  97 186 357
 14    06   68  333  14 186  35 132 202 395
 21    06   68  325  12 164  32 115 288 389
 28    06   68  317  21 220  59 113 274 420
 05    07   68  317   8 266  59  94 310 351
 12    07   68  396  15 226  94 113 368 304
 19    07   68  413  16 318  99  81 412 268
 26    07   68  387  16 270 120  67 450 262
 02    08   68  498  24 262 145  41 475 164
 09    08   68  456  23 217 123  42 377 162
 16    08   68  428  24 186 117  23 271 131
 23    08   68  320  29 115  84  18 202  97
 30    08   68  245  24 115  59  21 173  64
 06    09   68  214  20  70  52   5 106  33
 13    09   68  172  19  72  46  13  83  33
 20    09   68  171  16  50  26   1  45  29
 27    09   68  149  21  41  71   1  53  19
 04    10   68  206  13  81  69   3  55  21
 11    10   68  272  28  66 109   6  72  23
 18    10   68  297  27  39 118   3 109  11
 25    10   68  400  33  51 110   6  96  20
 01    11   68  453  28  46 113   2 104  10
 08    11   68  516  46  32 112   5 125  10
 15    11   68  584  60  41  94   4 105   5
 22    11   68  549  28  21  82   0  90   6
 29    11   68  564  22  33 106   2  58   4
 06    12   68  830  20  19  77   1  69  10
 13    12   68  747  20  30  80   2  88   4
 20    12   68  859  14   9  87   6  63   3
 27    12   68  497  20  14  73   0  33   4
 03    01   69 1396  54  21 129   0  94  32
 10    01   69 1267  52  18 108   1  53  17
 17    01   69  968  61   7  72   4  52  20
 24    01   69  830  32  15  42   4  68  23
 31    01   69  729  37   3  70   0  29  13
 07    02   69 1234  67  24  48   1 113  15
 14    02   69 1168  49  12  38   3 100   9
 21    02   69 1217  38   5  34   1  67   7
 28    02   69 1229  48   5  54   1  66  14
 07    03   69 1174  65   9  32   0  65   8
 14    03   69 1197  48  11  61   1  48  11
 21    03   69 1157  62   8  42   1  64   8
 28    03   69 1173  93   8  75   0  65   9
 04    04   69  895  43  20  38   1  59   4
 11    04   69 1021  30  10  52   0  62   4
 18    04   69 1138  41  14  52   0  56   3
 25    04   69  985  30  14  48   2  46   7
 02    05   69  845   9   6  56   1  43   6
 09    05   69  808  28   7  47   1  35   5
 16    05   69  857  26  10  57   0  47   6
 23    05   69  904  33   7  53   0  57  10
 30    05   69  784  31   4  81   3  32   5
 06    06   69  915  48   4  61   4  33   5
 13    06   69  756  27   7  82   6  56  11
 20    06   69  729  13   7  66   0  35   4
 27    06   69  606  30   4  61   1  44   9
 04    07   69  621  20  11  81   3  53   1
 11    07   69  611  24  21  65   6  61   7
 18    07   69  513  14  20  84   0  48  18
 25    07   69  496  36  30  75   3  68   8
 01    08   69  428  46  37  48   1  60   6
 08    08   69  365  36  36  94   2  33   1
 15    08   69  270  22  15  38   4  30   5
 22    08   69  219  23  16  39   2  23   1
 29    08   69  139  11  13  35   3  17   4
 05    09   69  101   4  15  13   6  16   3
 12    09   69   99  17   5  21   1   8   2
 19    09   69  106   5   *  12   3   8   2
 26    09   69   97   8  20  12   3  13  12
 03    10   69   93   3  28  23   1  10  10
 10    10   69   85   5  17  28   4  11  35
 17    10   69  109  10  32  30   3  18  23
 24    10   69  125   3  30  26   5  18  33
 31    10   69   98   9  25  42   8  15  12
 07    11   69  118   7  39  32   1  12  20
 14    11   69  112   8  21  21   3  16  22
 21    11   69   88   8  55  18   4  20  48
 28    11   69   96   3  49  10   0  16  42
 05    12   69  100  20  47  33   2  30  37
 12    12   69  100   7  60  19   3  16  44
 19    12   69  134   9  87  30   1  16  35
 26    12   69   78   6  51  21   2   8  42
 02    01   70  189   3 112  39  10   5  51
 09    01   70  156  11 105  38   8  27  74
 16    01   70  113   9  86  22   8   8   0
 23    01   70  180   6  71  17   3  28  63
 30    01   70  207  14 112  12   4  25  52
 06    02   70  251  11 182  21  15  15  70
 13    02   70  292  11 193  50  13  29  67
 20    02   70  299  33 227  42  21  22 102
 27    02   70  367  32 352  59   8  26  92
 06    03   70  305  31 217  63  20  44 165
 13    03   70  286  21 290  74  20  68 135
 20    03   70  303  30 313  71  23  41 143
 27    03   70  309  23 284  43  42  18 184
 03    04   70  361  20 378  75  35  40 146
 10    04   70  441  29 315  69  45  38 231
 17    04   70  352  21 270  76  63  66 189
 24    04   70  317  41 271  69  31  59 167
 01    05   70  271  39 196  92  60  46 121
 08    05   70  340  43 220  75 113  69 201
 15    05   70  334  30 194 127 170 122 233
 22    05   70  482  37 208 187 192 128 281
 29    05   70  553  32 205 103 173  96 314
 05    06   70  701  39 192 112 210 206 298
 12    06   70  676  30 198 134 134 181 258
 19    06   70  684  45 271 103 104 164 182
 26    06   70  637  41 145  99 166 293 186
 03    07   70  743  53 184  90 158 245 165
 10    07   70  767  70 137 136 134 275 167
 17    07   70  922  72 165 101  94 343 178
 24    07   70  959  58 116 114  80 378 155
 31    07   70  891  52  94  68  57 490 114
 07    08   70  988  52 119  85  48 359 109
 14    08   70  887  45  70  69  12 390  91
 21    08   70  792  32  57  47  10 241  66
 28    08   70  551  24  63  50  13 171  45
 04    09   70  358  35  38  17   7  89  35
 11    09   70  417   8  35  34  10 133  31
 18    09   70  301  15  27  13   4  74  16
 25    09   70  318   9  20  31   5 114  15
 02    10   70  373  13  28  22   4  97  13
 09    10   70  496  14  23  22   8  74  14
 16    10   70  529  18  24  19   9 101   8
 23    10   70  726  14  24  23   9 135   8
 30    10   70  566  10  35  23   7 126   6
 06    11   70  684   4  43   8   5 138   8
 13    11   70  761  19  33   5   9 169   7
 20    11   70  699   4  44  17   8  97   4
 27    11   70  741  15  44  17   6 147   0
 04    12   70 1019  12  24  23   7 127   3
 11    12   70  892  10  36  23  12 149   6
 18    12   70 1009  13  35  22   9  76   3
 25    12   70  869   8  28  18   7 109   1
 01    01   71 1202  26  37  22   2 158   0
 08    01   71 1091  19  39  23   2 172   2
 15    01   71  838  12  26  20   3 160   2
 22    01   71  454   4  16  15   0  67   0
 29    01   71  219  21   0   0   0  25   2
 05    02   71  346  14   6   1   3  50   0
 12    02   71  597  22   3   5   3  58   3
 19    02   71  609  33   3   0   0  43   0
 26    02   71  671  29   2   3   1  46   3
 05    03   71  796  34   0   2  13 146   1
 12    03   71 1250  32  36   5   4 411   4
 19    03   71 1403  29  41   5  14 296   1
 26    03   71 1016  51   7  25   5 152   8
 02    04   71  922  22  21   6   8 133   2
 09    04   71  558  27  17  22   8  61   4
 16    04   71  704  24   5   4   8 114   1
 23    04   71  781  32  21  15  10  62   7
 30    04   71  674  39  18  22   4  66   9
 07    05   71  478  11  15   4   3  92   2
 14    05   71  312  22  20  29   0  68   6
 21    05   71  430  20  15  28   1 100   2
 28    05   71  365  34   7   7   5  66   8
 04    06   71  304  15   *  41   2  57   5
 11    06   71  379  33  23  30   3  72   4
 18    06   71  362  35   5  63   2  66   3
 25    06   71  399  33   5  47   4  42   5
 02    07   71  419  17  16  50   1  76   5
 09    07   71  344  39  14  39   1  48   7
 16    07   71  350  25  10  20   3  50   7
 23    07   71  248  38   5  53   2  45  17
 30    07   71  265  32  10  24   0  29   8
 06    08   71  248  29  11  31   5  24  14
 13    08   71  176  28   9  21   1  23   4
 20    08   71  138  13  14  16   2  23  10
 27    08   71  109   9   9  23   1  13   5
 03    09   71   80   7   5   7   0   3   1
 10    09   71   92   9   4  26   3   4   4
 17    09   71   59   3   6  11   0  17   2
 24    09   71   53   5   5   7   0  11   0
 01    10   71   35   8   5  10   0   8   1
 08    10   71   32   6   3  35   0  15   1
 15    10   71   50   4   3  28   0  11   2
 22    10   71   49  10   8  37   0   6   7
 29    10   71   78   3   5  17   0  15   1
 05    11   71   62   4   2  39   2   8  16
 12    11   71   99   6   2  66   2  14  14
 19    11   71   64   5  11  66   0  14  18
 26    11   71   94   4   2  30   0  11  23
 03    12   71   94   7   7  40   0   8  11
 10    12   71  125   3  12  37   0  10  18
 17    12   71  122   3  10  29   0  13  14
 24    12   71  139   6  10  31   0  13  15
 31    12   71  120  31   4  35   0  18  17
 07    01   72  152  24   6  46   0  14  22
 14    01   72  112  39   9  19   0  25  24
 21    01   72   83   6  15  35   0  28  13
 28    01   72   87  15  10  48   4  12  24
 04    02   72   98  21  13  28   6  25  25
 11    02   72  113  16  12  53   5  17  46
 18    02   72  133  15  15  30   2  14  38
 25    02   72  157  19  11  55   7  35  50
 03    03   72  186  20  25  45   1  43  62
 10    03   72  216  65  36  61   2  44  82
 17    03   72  191  48  48 105   0  56  79
 24    03   72  203  51  40 113   3  48  92
 31    03   72  192  62  64  78   8  43  99
 07    04   72  173  59  39  97  11  34  82
 14    04   72  213  58  81  63  12  50 147
 21    04   72  189  28  42  88  10  36 122
 28    04   72  154  36  31  67   4  26 109
 05    05   72  142  45  25  89   8  21  86
 12    05   72  195  48  59 118   7  47  94
 19    05   72  179  38  41 100   4  34 117
 26    05   72  197  56  86 143  13  30 121
 02    06   72  192  43  98  73  17  35 103
 09    06   72  266  56  80 115  16  48 105
 16    06   72  249  50 100  70  27  62  90
 23    06   72  271  27  90  66  19  56  58
 30    06   72  255  43  70  65   0  76 114
 07    07   72  328  29 111  48  34  83 103
 14    07   72  369  59  81  53  35 110 138
 21    07   72  400  45 131  60  33 100  96
 28    07   72  361  27 116  73  28  57 136
 04    08   72  376  29 133  73  13  52 109
 11    08   72  343  43 122  34  17  71 105
 18    08   72  262  34 124  43  12  98  72
 25    08   72  147  17  90  31   3  38  44
 01    09   72  121   9  70  13  13  21  30
 08    09   72  129   5  46  38   4  33  23
 15    09   72  111   9  34  11   5  24  15
 22    09   72   92   *  35   2   5  24   9
 29    09   72   92   3  66  10   5  42   4
 06    10   72  130  20  53  11   8  21   7
 13    10   72  183   5 113  21   7  57   4
 20    10   72  207   6 142  19  14  60   6
 27    10   72  263  13 120  24   8  69   3
 03    11   72  298  11 157  16   9  61   3
 10    11   72  315   7 146  11   4  91   3
 17    11   72  334   6 146  18   3  52   6
 24    11   72  264   6 140   6   6 102   2
 01    12   72  332   2 127   8   6  77  11
 08    12   72  331   5 170  11  13  87   4
 15    12   72  318   3 158   5  10 107  14
 22    12   72  404   6 120   7   7  79   5
 29    12   72  262   7  99  14  29  69   0
 05    01   73  636  13 206  48  59 122   7
 12    01   73  573   2 113  18  38  86  11
 19    01   73  388   2 109   3  19  77   8
 26    01   73  392   5  75   6  26  70  15
 02    02   73  440   9  68   9  12  74  33
 09    02   73  577   4  71  11  51  89  25
 16    02   73  627   7  81   5  36 104  18
 23    02   73  711   8  80  11  41 112  25
 02    03   73  819  11  85   6  43 118  21
 09    03   73  782  10  90  10  34 135  20
 16    03   73  939  12  84   9  33  98  13
 23    03   73 1051  13  63   5  21 104  21
 30    03   73  967   9  74  11  35  62  29
 06    04   73 1063   4  53   3  43  67   9
 13    04   73  889   8  63   2  39  84  22
 20    04   73  823   7  37   2  21  57   5
 27    04   73  935  17  49   3  18  47  17
 04    05   73  862  11  52   6  11  59  24
 11    05   73  621   8  36   0  24  47  14
 18    05   73  508   2  57   3  14  47  17
 25    05   73  681  10  53   6  10  28  13
 01    06   73  560   5  39   5   7  24   7
 08    06   73  705   5  44   2   8  54   5
 15    06   73  555  13  29   2  14  55  10
 22    06   73  557  10  31   1  22  31   8
 29    06   73  509  10  27   2  14  50   6
 06    07   73  577  10  31   3  13  45   3
 13    07   73  447   4  24   1  24  58   9
 20    07   73  479   7  23   8  26  68  16
 27    07   73  396   3  22   8  22  44  12
 03    08   73  432   6  29  10  20  44  16
 10    08   73  427   3  28   7  19  34  16
 17    08   73  329   4  26  11  19  29  20
 24    08   73  213   2  22   7   1  23  15
 31    08   73  153   3  12   3   3  18   6
 07    09   73  123   3   4   2   2  17   7
 14    09   73   96   1   7   6   0  11   3
 21    09   73   67   1   9   3   0  14   4
 28    09   73   88   1  13   9   0   7   3
 05    10   73   93   1   8  10   0  15   4
 12    10   73  111   3   4  17   1  15   2
 19    10   73  109   3   4   9   2  10  12
 26    10   73  102  13   3  23   0  30   5
 02    11   73  132   0   6  17   3  19  18
 09    11   73   76  10  17  12   0  14  10
 16    11   73  155   7   5  14   0   8  35
 23    11   73  132  11  15  16   0  12  15
 30    11   73  115  16   1  14   0  15  10
 07    12   73  120  12   7   5   0  25   9
 14    12   73  118  16   9   1   2   7   5
 21    12   73  149  14   4   9   0  23   2
 28    12   73   76   8   3   5   0  10   6
 04    01   74  135  21  22  12   0  26   6
 11    01   74  140  29  23  15   0  23  13
 18    01   74  129  16  13  20   1  25   6
 25    01   74  117   4  10  24   0  24  11
 01    02   74  118   9   6  11   0  33  10
 08    02   74  131  22   6  29   1  33  15
 15    02   74  221   4   7  33   0  39  12
 22    02   74  233  13   7  23   0  35  20
 01    03   74  230   2   6  53   0  65  21
 08    03   74  247   9   0  40   0  45  11
 15    03   74  213  10   0  50   1  49  36
 22    03   74  291  12  11  58   0  59  29
 29    03   74  287   9   5  90   0  56  40
 05    04   74  269  14  25  64  16  76  67
 12    04   74  238   4  17  66   6  53  38
 19    04   74  249  15  12  68   5  86  65
 26    04   74  250  15   7  85   6 116  36
 03    05   74  263  28  14 110   8  75  33
 10    05   74  162  16  15  57   4  50  22
 17    05   74  164  11   6  79   3  90  20
 24    05   74  233  14   8 116   1 121  24
 31    05   74  180   3   8 101   0  71  36
 07    06   74  236  17  13 136   5 102  42
 14    06   74  209   9   8 114   2 129  33
 21    06   74  208   9   4 118   2 132  35
 28    06   74  201   8  30  94   1  87  43
 05    07   74  258   9  28 114   2  91  30
 12    07   74  213   8  22 111   0 138  42
 19    07   74  241   9  33  89   1 106  63
 26    07   74  240   8  30  99   5  96 123
 02    08   74  202   4  52 113   1 128 109
 09    08   74  153  14  39  99   7  78 107
 16    08   74  145   1  55  59   8  60  96
 23    08   74  103   4  26  50  10  36  62
 30    08   74   48   5  39  36   6  22  61
 06    09   74   72   4  32  26   1  24  38
 13    09   74   42   3  29   9   1  13  18
 20    09   74   53   2  32   7   1  15  31
 27    09   74   71   1  24  15   2  13  31
 04    10   74   94   6  76   5   1  13  18
 11    10   74   88   3  56   5   1   9  38
 18    10   74  106   2 117   6   3  23  72
 25    10   74  131   3  99  12   2  16  54
 01    11   74  140   3 125   6   5  18  56
 08    11   74  185   4 153  11   2  21  47
 15    11   74  127   5 146   3   6   7  31
 22    11   74  144   2 170  11   8  20  27
 29    11   74  117   2 165   9   3  13  23
 06    12   74  185   3 160   0   8  20  50
 13    12   74  154   2 165   1   8  10  53
 20    12   74  175   4 172   5  15  19  39
 27    12   74  111   2  99   7   1  10  26
 03    01   75  260   1 226   0  20  20  99
 10    01   75  348   6 239   7  18  11  95
 17    01   75  232   5 169   6  27  15  50
 24    01   75  258   2 117   5  16  12  22
 31    01   75  256   1  13   4  19  24  35
 07    02   75  310   4  94   9  24  20  30
 14    02   75  311   3 105   9  11  39  26
 21    02   75  419   8  92   4  24  53  57
 28    02   75  475   6 118  16  26  31  47
 07    03   75  397  20 118  13  43  47  69
 14    03   75  399  10 132   8  30  41  52
 21    03   75  514  21  75   8  28  66  53
 28    03   75  537   9  72   7  28  82  41
 04    04   75  372  13  68  14  38  90  50
 11    04   75  592  13  79  10  29 103  56
 18    04   75  468   3  59  23  48 103  53
 25    04   75  416  20  39  27  12  42  45
 02    05   75  357  11  70  14  28  70  29
 09    05   75  425   9  78  19  15  65  53
 16    05   75  561   7  50  18  33  80  42
 23    05   75  529   7  39  13  54 107  76
 30    05   75  593   3  66  10  38 103  46
 06    06   75  778   9  50  46  15 106  64
 13    06   75  617   9  66  15  20 122  38
 20    06   75  539   2  69  10  20 107  35
 27    06   75  555   6  64  21  39  60  49
 04    07   75  524   3  29  30  23 108  40
 11    07   75  563   5  47  15  17  96  63
 18    07   75  503  10  37  17  19  99  56
 25    07   75  477   9  35  23  17 129  84
 01    08   75  437  10  17  14  21 111  70
 08    08   75  380  10  20  11  26 108  78
 15    08   75  306   7  14   6  16  97  55
 22    08   75  194   4  12   3  10  58  34
 29    08   75  118   2   8   0   6  28  16
 05    09   75  109   7   6   5  23  29  10
 12    09   75  107   5  15   3  10  26  13
 19    09   75   56   2   3   1   2  19  16
 26    09   75   94   1   4   2   2  15   4
 03    10   75   75   0   4   2   8  23   2
 10    10   75  114   0   2   2   2  31   8
 17    10   75   95   2   5   2   2  42   1
 24    10   75  112   0   5   4   0  42   0
 31    10   75  106   1   7   5   0  76   4
 07    11   75  136   3   6   2   3  66   3
 14    11   75  115   0   9   5   2  61   6
 21    11   75   96   2  10   2   4  61   1
 28    11   75   88   2   6   4   1  55   3
 05    12   75   80   1  11   2   1  80   5
 12    12   75  111   0   5   6   0  41   1
 19    12   75   71  10   3   2   0  89   2
 26    12   75   52   0   3   3   0  64   4
 02    01   76   87   1   7   8   1 121   1
 09    01   76  124   2  11   7   6 129   0
 16    01   76  116   7  11   7   1 107   1
 23    01   76   59   4   9   4   4  82   4
 30    01   76  105   5   6   2   5  94   2
 06    02   76   89   5  12   3   0  80   1
 13    02   76  100   6  10   4   4  89   1
 20    02   76  134  21   6   2   2 100   5
 27    02   76  100  13  14   1   2 127   2
 05    03   76  102  16   8   1   2  99   0
 12    03   76  118  19  11   2   3  78   4
 19    03   76  130   8  11   6   7 103   1
 26    03   76  122   9  13   0   0  78   5
 02    04   76  135  21  10   1   4  83   5
 09    04   76  157   9  21   1   2  94   5
 16    04   76  158  18   9   1   6  76   1
 23    04   76  182  16  16   2   7  84   0
 30    04   76  212  28  10   5   4 112   9
 07    05   76  155  13  10   3   6  67   3
 14    05   76  196  17  18   5   5  59   2
 21    05   76  209  17   8   7   2  66   9
 28    05   76  197  16  14   9   4  73  10
 04    06   76  230  15   3   5   4  62   3
 11    06   76  182  14   5   8   5  56   5
 18    06   76  210  25  13   6   0  65   1
 25    06   76  164   7   9   5   2  20   4
 02    07   76  134  14   7   7   4  42   2
 09    07   76  133  17  11   6   3  42   1
 16    07   76  157  15   8   5   2  27   2
 23    07   76   78  12  16  19  12  47   2
 30    07   76   96  10   5   7   8  34   1
 06    08   76   75  10  11  10   4  26  15
 13    08   76   81   8  14   8   9  39  21
 20    08   76   52  15   7   7   2  15  21
 27    08   76   40   5   4  38   8  13  15
 03    09   76   31   2  10   4   1   5   9
 10    09   76   21   9  10   4   2   6   9
 17    09   76   24   5   6   3   4   1   5
 24    09   76   24   0   8   7   0   3   3
 01    10   76   35   5  30  10   7   6   2
 08    10   76   62  11  18  16   5   7   3
 15    10   76   50  13  30  13   4   6   1
 22    10   76   41  17  41   4  10   5   8
 29    10   76   48   8  35  11   5   3   3
 05    11   76   50  12  22  10   7   5   5
 12    11   76   37   6  35  11   7   5   3
 19    11   76   40   5  25  12   1   2   7
 26    11   76   51  18  48  10   3   4   4
 03    12   76   43  13  26  16  11  15   6
 10    12   76   81  17  63  19   5  19   6
 17    12   76   78  15  56  27  11   6   7
 24    12   76  133  13  55  38  13   5   4
 31    12   76   59  10  40  53   5  11   1
 07    01   77  106  12  84  70   4  16   1
 14    01   77  112  12  90  45  15  11   1
 21    01   77   76  20  80  50   9   4   1
 28    01   77  109  12  66  41  10   5   2
 04    02   77  145  11  81  50  19  11   1
 11    02   77  119  27 126  62   5  12   2
 18    02   77  163  17 133  60  13   6  10
 25    02   77  178  41 153  78  13  14   9
 04    03   77  233  33 176  71  26   9  12
 11    03   77  239  27 163  57  12  14   5
 18    03   77  277  26 129  97  25  10   8
 25    03   77  281  41 139  71  31  20   6
 01    04   77  338  31 124  55  23  24   5
 08    04   77  244  52 118  28  19  19   2
 15    04   77  318  13  90  60  16  38   7
 22    04   77  535  52 120  49  19  35   7
 29    04   77  379  23  96  64  16  30   6
 06    05   77  389  26 106  86  15  31   7
 13    05   77  357  29  86  52  20  43   6
 20    05   77  546  27  51  95   9  46   4
 27    05   77  514  27  83  47   7  79   7
 03    06   77  519  22  61  77  11  78  13
 10    06   77  382  40  37  25  29  59  10
 17    06   77  536  29  55  65  26 107  20
 24    06   77  621  46  80  44  29 100  24
 01    07   77  568  31  98  59  24 110  19
 08    07   77  777  52  50  53  12 110  68
 15    07   77  821  25  81  41  30 113  85
 22    07   77  729  20  66  31  13 128 113
 29    07   77  708  21  48  33  14 115 138
 05    08   77  748  13  64  44  15 144 177
 12    08   77  660  35  48  36  15 170 171
 19    08   77  488  24  27  17  32 103 122
 26    08   77  396  11  33  35   5  70  96
 02    09   77  253   8  22   8  14  66  51
 09    09   77  251   8  17  14  18  51  62
 16    09   77  161  13  16   9  15  27  40
 23    09   77  108  11  13   5   2  24  41
 30    09   77  152   5   4   5   3  30  52
 07    10   77  135  21   9   3  12  23  57
 14    10   77  182  14   5   8  15  39  53
 21    10   77  192  27   5   4  23  32  96
 28    10   77  245  13   3   4  13  49 101
 04    11   77  218  22  13   7  22  47 140
 11    11   77  232  19   6   7  15  66 133
 18    11   77  239  25   8   8   8  54 120
 25    11   77  250  10   9   8  19  56 134
 02    12   77  231  13   4   3   6  23  94
 09    12   77  281   3   3   7  18  40  91
 16    12   77  297   9   6  13  25  48  92
 23    12   77  360   4   4  14  11  33  98
 30    12   77  337  16   5   9   8  10  75
 06    01   78  405   9   3   9  20 145 137
 13    01   78  487   6   7  16  18  80 122
 20    01   78  372  11   6  10  14  75  65
 27    01   78  402   7   5  20   8  88 100
 03    02   78  342   2  29   8  12  89  90
 10    02   78  427   9  21   9  19 104  82
 17    02   78  402   9  29   2  20  95 106
 24    02   78  426  22  40  10  28 151  86
 03    03   78  517  11  27  15  26  78  80
 10    03   78  473   6  40  10  21 100  48
 17    03   78  517   9  27  17  16 112  99
 24    03   78  434   9   8  11  11 123  49
 31    03   78  435   3   0  18  29 147  62
 07    04   78  602  12  43  16  13 139  53
 14    04   78  469   5  32  11  18 167  26
 21    04   78  388   9  18   8   5 116  43
 28    04   78  382  12  55  13   9 105  26
 05    05   78  370  14  18   1   3  86  26
 12    05   78  473  15  44  10   7  97  26
 19    05   78  565   8  39   7  16 117  24
 26    05   78  419  16  48  21   4  98  31
 02    06   78  390  11  40  17   6  79  16
 09    06   78  393  31  56  15   2  76  14
 16    06   78  375  13  67  19   6 101  15
 23    06   78  261  14  59   8   6  60  10
 30    06   78  324  13  68  18  11  91  12
 07    07   78  294  16  70  15   0  84  12
 14    07   78  350  11  71  15  19 113  38
 21    07   78  308  17  63   7   3  87  25
 28    07   78  311  12  70   9  22  57  26
 04    08   78  277  18  33  15  21  55  20
 11    08   78  305  11  53  17   8  49  18
 18    08   78  217   5  51   5   9  40  12
 25    08   78  213   2  43   6   3  32  18
 01    09   78   89   2  17   3   5  13   6
 08    09   78  117   4  18   2   4  13   7
 15    09   78   77   1  18   8   4  15   4
 22    09   78   63   1  19   0   0   9   6
 29    09   78   82   2  12   6   0  15   4
 06    10   78   60   1  15   1   6  15   6
 13    10   78   77   5  16   9   0  15   3
 20    10   78   77   5  25   6   0  20   5
 27    10   78   83   7  28   5   1  14   5
 03    11   78  117   4  11   8   5  13   6
 10    11   78  121   6  22  11   1  12   5
 17    11   78   72   3  12   5   1  15   4
 24    11   78  122   4  17   9   0   6   7
 01    12   78   93   1  15  16   5   7   6
 08    12   78   86   5   2  16   5   3   4
 15    12   78   96   2  39  12   8   8   6
 22    12   78   85   8  24  15  13  12   1
 29    12   78   62   2  10  12   3   6   1
 05    01   79  109   8  18  15   3   6  10
 12    01   79  122   6  26  25  10   9   3
 19    01   79   71   4  13  15  12  12   5
 26    01   79   83   4  31  30   1  11   1
 02    02   79   83   3  23  17   2  11   2
 09    02   79  107   3  28  34   3  16  11
 16    02   79  103   6  28  35   5   8   2
 23    02   79  107   2  27  13   4  27  11
 02    03   79  121   2  25  32   4   9   7
 09    03   79  102   0  40  49   5  14   7
 16    03   79  135   2  36  53   0  16   5
 23    03   79   80   0  49  27   6  14   6
 30    03   79   91   1  49  38   5  13   7
 06    04   79  127   2  65  26   4  16   6
 13    04   79   99   2  41  56   6  13  10
 20    04   79  124   4  45  43   1  12   5
 27    04   79  180   0  71  31   5  16  19
 04    05   79  169   6  60  57   4  15  13
 11    05   79  132   2  29  29   7  14   6
 18    05   79  177  17  46  67   4  14   7
 25    05   79  153   6  80  47   4  15   7
 01    06   79  115   4  93  39   6  23  12
 08    06   79  144   5  85  65   4  18  11
 15    06   79  197   2  65  68   6  38   9
 22    06   79  209   2  70  38   4  27  12
 29    06   79  202   2  79  25   5  41  10
 06    07   79  160   4  81  22   7  31  10
 13    07   79  171   3  52  25  12  29  16
 20    07   79  220   7  75  32   8  63  16
 27    07   79  234   5  56  21   8  73  14
 03    08   79  219   3  56  17  11  61  18
 10    08   79  247   1  46  17   7  52  18
 17    08   79  220   6  24  21   8  58  10
 24    08   79  137   3  18  10   3  13   4
 31    08   79  103   3  19   8   3  33   7
 07    09   79   98   4  18   9   1  26   8
 14    09   79   81   2  15   9   2  11   3
 21    09   79  101   3  14   1   0  20   3
 28    09   79   77   0  18   6   7  21  10
 05    10   79  107   2   9   4   3  13   4
 12    10   79  111   1   4   3   4  27  11
 19    10   79  110   1  10  14   0  26  12
 26    10   79  129   6  20   6   6  27   0
 02    11   79  121   5  15   6   5  29   6
 09    11   79  139   2   6   7   2  41  10
 16    11   79  139   7  21   5   4  51   7
 23    11   79  192   7  18   4  14  74   9
 30    11   79  115   5   7  12   2  48   5
 07    12   79  161   2   7   3   6  74   5
 14    12   79  195   6  10  13   3  84   8
 21    12   79  133   4   4   4   6  91  14
 28    12   79   90   6   5   1   2  55   9
 04    01   80  231  33  15   7  27 170  13
 11    01   80  337  41  16  15   5 176   7
 18    01   80  197  11  13   1   8  95  13
 25    01   80  204  11   6   7  10 141   6
 01    02   80  217  41   8   6  11 129   6
 08    02   80  288  30  13   7   4 174  19
 15    02   80  359  42   8   9  18 239  16
 22    02   80  475  37  14   4  11 280  25
 29    02   80  392  53  10   7  12 238   8
 07    03   80  497  47  13  10  11 348  26
 14    03   80  476  34  14   6  16 228  11
 21    03   80  573  79   5   7   6   *  27
 28    03   80  668  49  20  13  21 305  24
 04    04   80  488  69   9  11  13 209  19
 11    04   80  632  35  20  26  13 224  16
 18    04   80  628  73  12  19  24 250  22
 25    04   80  566  53   8  20  23 161  24
 02    05   80  501  48  12  20  17 138  24
 09    05   80  325  25  14  10  10  96  12
 16    05   80  547  88  18   8  10 106  27
 23    05   80  527  67  27  19  13 117  13
 30    05   80  518  49  22   8  12  73  22
 06    06   80  631  78  41  13  15  84  18
 13    06   80  461  62  30  17   9  77  17
 20    06   80  431  72  34  24  10  60  32
 27    06   80  407  52  31   7   9  44  39
 04    07   80  428  65  45  27   1  64  35
 11    07   80  404  47  69  20   3 103  63
 18    07   80  478  27  59  47   4  44  99
 25    07   80  452  41  62  29  18  42  79
 01    08   80  463  28  72  52  10  42  55
 08    08   80  410  42  73  46  19  41  63
 15    08   80  289  13  39  32   9  26  59
 22    08   80  202   9  35  34   6  13  34
 29    08   80  131   3  17   9   3  14  19
 05    09   80  103   6  20  13  10  15  28
 12    09   80   99  12  14  12  11  12  17
 19    09   80   82   2   6   5   5   8  12
 26    09   80   61   6   9   8   6   9  10
 03    10   80   89   4  14   5   7   9  27
 10    10   80   92   5  13   6  14  14  38
 17    10   80   90   3  14  14  10   5  20
 24    10   80   65  13  12   4  12  11  32
 31    10   80   87  17  14   8  10   9  29
 07    11   80   77   5  17   8   8   8  38
 14    11   80   74   2   9   1  11   9  36
 21    11   80   73   2  31   6   4   4  31
 28    11   80   68   4   9   9   8  11  39
 05    12   80   88   3   9   8   1   2  30
 12    12   80   45   1  12   7   6   8  25
 19    12   80   80   0  10   6   2   6  33
 26    12   80   32   1   7   9   4   5  41
 02    01   81   63   1  13   5  10   5  14
 09    01   81  108   0  24   9   7   4  69
 16    01   81   60   6  26   7   4   8  21
 23    01   81   46   3  12   5  12   2  26
 30    01   81   67   0  17   6   5   5  32
 06    02   81   54   3  10   6  10   4  26
 13    02   81   42   3  17  28  17   6  22
 20    02   81   68   2  10  21  12   3  27
 27    02   81   63   1  13  31   9   5  26
 06    03   81   65   2  20  13  12   3  29
 13    03   81   51   3  32  20  15  13  24
 20    03   81   61   1  21  11   6  12  32
 27    03   81   69   1  30  26  18  11  28
 03    04   81   66   2  34  21  12   8  19
 10    04   81   87   2  33  36  15   7  19
 17    04   81   48   4  30  28   8   6  20
 24    04   81   78   3  42  27  10   9  16
 01    05   81   65   2  71  21  15  19  18
 08    05   81   80   7  36  34  15   9  22
 15    05   81   83   3  46  39  11  11  21
 22    05   81   55   6  34  40  14  13  19
 29    05   81   86   3  47  39   9   8  16
 05    06   81   75   2  52  41   4   8  17
 12    06   81   93   4  49  24   8  10  11
 19    06   81   94   1  37  17   4  16  16
 26    06   81   68   3  41  22   6  14  15
 03    07   81   85   2  26  10   4  23  17
 10    07   81  103   1  35  30   8  15  13
 17    07   81   99   2  23  23   8  19  13
 24    07   81  123   1  50  26   8  31  17
 31    07   81   84   2  37  17   8   9  10
 07    08   81  127   5  40  26  15  14  10
 14    08   81   93   6  24  47  12  17   9
 21    08   81   88   5  13  23   2  27  12
 28    08   81   68   1  13  10  11  11   6
 04    09   81   54   4   9   5  10   6   8
 11    09   81   53   1   7   8   0  13   8
 18    09   81   31   0   4  12   6  14   4
 25    09   81   37   0   9   9   6  22   2
 02    10   81   33   3   7  14   3  12   2
 09    10   81   30   0  12  12   4  11   0
 16    10   81   47   1   7   8   4  27   6
 23    10   81   50   2  10   1   5  19   5
 30    10   81   41   2  18   6   9  35   6
 06    11   81   49   0   9   3   7  29   3
 13    11   81   56   0  11  10  16  30   5
 20    11   81   54   0  26   6   5  19   3
 27    11   81   66   1  12  14   5  30   6
 04    12   81   71   0  17   4   5  22   6
 11    12   81   57   0   8   9   0  34   3
 18    12   81   55   1  11   9   3  38   6
 25    12   81   58   0   9   1   1  20   2
 01    01   82   56   1  11   1   1  25   7
08 01 82 120  0 33  7  5  49  2
15 01 82 111  1 19  9  3  33  8
22 01 82 117  1  6  4  7  46  4
29 01 82 131  0 14  5  5  52  2
05 02 82 156  2 13  8  3  53  4
12 02 82 212  5 10  4  4  54  4
19 02 82 238  3  8  6  5  83  1
26 02 82 290  0 10  5  0  63  7
05 03 82 312  0 15  8  7  85  2
12 03 82 261  2  8 16 10  82  6
19 03 82 309  1  3 12  6 143  5
26 03 82 341  0 10 19 16 109  2
02 04 82 370  2 17 15 16 130  5
09 04 82 341  1 12 15  3  97  6
16 04 82 441  3 14  6  4 116  6
23 04 82 507  6 13  4 27 108  6
30 04 82 506 16  9 19 12  88  7
07 05 82 326 15  7  8  4  55  2
14 05 82 405  8  9  5  8  92  6
21 05 82 367 12  7  2  8  81  1
28 05 82 395  8  7  7 22  68  8
04 06 82 376  1  5  5 13  63  6
11 06 82 393 14  9  7 43  94 20
18 06 82 407 21 26  7 22  77 14
25 06 82 273 10 23 18 12  58  8
02 07 82 303 10 12  7 24  68 11
09 07 82 323 22 16 17 21  78 26
16 07 82 358 18 16  6  7  75 41
23 07 82 355  7 24 21 17  66 33
30 07 82 313 43 17 27 26  63 40
06 08 82 251 29 15 24 16  45 31
13 08 82 263 28 19 17 16  56 43
20 08 82 202 29 10 10  9  43 34
27 08 82 138 24  7 14  2  19 34
03 09 82  97 15 15  5  6  21 11
10 09 82 162 13  7 14  6  10 25
17 09 82  85 15  3 14  0  18 18
24 09 82  80 12  5 10  2   7 13
01 10 82  85 25 10 10  0  13 15
08 10 82  68 21  0  4  0   8 14
15 10 82  54 15  4  6  9  16  9
22 10 82  85  6  6  4  5  15 13
29 10 82 104 26  6  6  0  15 20
05 11 82  76 31  6  8  4  20 26
12 11 82  59 22  7 10  3  18 14
19 11 82  97 22  6 10  6  20 30
26 11 82  94 35 12 13 12  14 39
03 12 82 123 14  6 16 11  16 22
10 12 82 113 28 10 15 18  14 37
17 12 82 101 24  9  8  7  17 27
24 12 82 125 36 15 10 20  19 27
31 12 82  88 15  3 28  4   7 24
07 01 83 175 23 12 45 30  22 35
14 01 83 185 21 13 30 17  18 42
21 01 83 153 27 16 15 21  18 59
28 01 83 181  9 10 34 21  16 37
04 02 83 196 16 15  6 15  14 47
11 02 83 223 13 19 25 18  23 56
18 02 83 210  8 14 19 12  22 69
25 02 83 200 13 13 24 27  37 66
04 03 83 272 13 24 34 23  15 104
11 03 83 292 14 24 34 36  24  90
18 03 83 249 30 45 71 23  22  74
25 03 83 264 19 25 44 33  20  76
01 04 83 223 32 52 29  9  11  32
08 04 83 294 28 27 31 22  32  60
15 04 83 365 41 72 76 20  35  63
22 04 83 311 28 35 50 11  31  38
29 04 83 250 25 38 46 12  34  37
06 05 83 276 42 44 16  9  16  34
13 05 83 333 37 47 45 12  48  56
20 05 83 365 48 59 39 15  38  51
27 05 83 287 34 57 45  9  44  42
03 06 83 272 41 42 29  5  30  24
10 06 83 403 26 56 67 15  55  27
17 06 83 342 38 41 40 18  57  42
24 06 83 284 26 61 46 17  39  21
01 07 83 217 18 51 44 14  38  36
08 07 83 215  9 34 33 10  55  44
15 07 83 253 15 65 41  9  34  57
22 07 83 299  8 52 45  7  58  52
29 07 83 241  4 35 55  8  22  23
05 08 83 154  4 23 34  3  37  17
12 08 83 115  7 26 23 10  27  33
19 08 83 113  4 11 33  7  32  12
26 08 83  87  2  7 17  8  28  16
02 09 83  56  6  8  3  4  12   3
09 09 83  43  6 26  4  3  23   0
16 09 83  40  1  2  4  4  20   2
23 09 83  39  0 11 16  3   9   4
30 09 83  49  4  6  7  3  15   6
07 10 83  42  4 10 11  1  20   2
14 10 83  30  3  9  3  3  23   3
21 10 83  40  2  9  6  1  23   0
28 10 83  33  4  6  4  4  29   5
04 11 83  29  5  4 16  5  18   2
11 11 83  39  1 14  8  8  30   2
18 11 83  31  0 11  5  3  34   1
25 11 83  40  3 14  1  2  28   2
02 12 83  56  2 10 13  3  28   2
09 12 83  51  2  4  4  2  51   1
16 12 83  25  1  5  9  3  40   2
23 12 83  45  1 10  4  3  71  11
30 12 83  38  0  4  7  6  33   7
06 01 84  94  1  9  4  6  49   6
13 01 84  83  2  9 14  3  75   9
20 01 84  50  3 11 11  2  47  15
27 01 84  46  3  6  3  3  34  11
03 02 84  68  1 10  8  4  40  19
10 02 84  87  8 12  1  0  67  16
17 02 84  84 13 20 10  1  54  24
24 02 84  65  5 11 16  8 101  12
02 03 84  74  5 11 30  4  71  24
09 03 84  68  7 28 10  3  76  17
16 03 84  86  1  8 21  2  60  18
23 03 84  54  2 18 24  1  88  11
30 03 84  81  8 21  9  1  75  15
06 04 84  82  8 29 24  3  74  23
13 04 84  68  4 21 23  1  82  15
20 04 84  42  3  7 15  3  42  13
27 04 84  47  4 25 12  2  52  10
04 05 84  61  5 20 34  2  79   9
11 05 84  39  0 18 13  1  38  13
18 05 84  52  2 14 15  6  77  13
25 05 84  99  7 21 27  0  62  22
01 06 84  65  1  9 12  2  73  10
08 06 84 109  6 20 24  3  48  20
15 06 84 127  4 24 34  1  98  29
22 06 84 106  1 22 18  4  40  16
29 06 84 114  8 18 17  3  42   6
06 07 84 152  2 20 20  2  27   9
13 07 84 138  3 18 20  1  42   3
20 07 84 154  2 20 36  1  43  17
27 07 84 175  2 15 13  1  25  14
03 08 84 176  1 25 21  0  20   7
10 08 84 172  2 24 12  2  26   2
17 08 84 130  1 15 30  2  13   5
24 08 84 109  0 19 16  3  44  14
31 08 84  61  2  4  7  3  15   3
07 09 84  60  0 12 10  4  13   1
14 09 84  55  1 13  3  1   2   3
21 09 84  35  0  8  5  1   6   6
28 09 84  51  0  9  5  2   6   3
05 10 84  62  3 12  3  4   1   3
12 10 84  89  2 19  4  7  18   1
19 10 84  75  1 12  5  4  10   1
26 10 84  51  1 18  6  8  10   5
02 11 84  78  2 26  3  9   6   3
09 11 84 116  0 34 16  2   7   0
16 11 84  67  1 30 14 15   9   6
23 11 84  73  0 29  2  7   9   3
30 11 84  81  0 19  9 15   3   0
07 12 84  94  0 29 12 14   8   2
14 12 84  71  1 18 27 10  11   6
21 12 84  71  3 17 33 12  12   4
28 12 84  39  2 21 13  8   7   3
04 01 85 128  1 23 15 27   9  11
11 01 85 193  1 41 27 15   4  20
18 01 85 120  1 26 17 27  11   5
25 01 85 133  0 28  6 12  11   3
01 02 85 151  0 39 11  6  13   5
08 02 85 208  1 39 22 23  15  20
15 02 85 211  5 48 25 11  11  16
22 02 85 257  4 47 29  3  12  17
01 03 85 276  1 54 16 17  20  22
08 03 85 285  7 25 17  9  14  23
15 03 85 252 12 52 21  9   7  16
22 03 85 287  5 54 13  7  11  15
29 03 85 316 12 50 23  8  16   8
05 04 85 291  9 49  9  1  14  30
12 04 85 318  3 39 10 21  19  20
19 04 85 458 13 68 13 15  16  32
26 04 85 354 12 48 11 27  23  19
03 05 85 314 23 43 10 14  17  30
10 05 85 280  8 25  7  5  10  28
17 05 85 367  5 56 19  8  32  38
24 05 85 445  7 52 20  8  24  51
31 05 85 409  5 34 20  8  19  54
07 06 85 506 11 46 18 15  16  56
14 06 85 455  3 49 19  2  33  42
21 06 85 367 14 35 22  6  26  32
28 06 85 472 16 39 19 10  18  36
05 07 85 514 18 24 19 20  37  38
12 07 85 495 24 35 21 15  42  21
19 07 85 500 15 45 29  2  48  49
26 07 85 412 27 40 37 13  39  47
02 08 85 415 42 25 27  6  47  47
09 08 85 367 31 32 22 11  28  41
16 08 85 355 30 22 18  5  27  37
23 08 85 283 19 13 31 14  26  42
30 08 85 155  6  9 18  2  25  13
06 09 85 177 11  8 22  5  20  34
13 09 85 125  2  8 19  4  25  11
20 09 85  94  2  5 10  6  17  11
27 09 85 103  2  6  5  2  42   8
04 10 85 114  3  5 16  6  36   6
11 10 85 118  4  7 12  3  54   8
18 10 85  92  4  7  8  8  75  20
25 10 85 121  3  4 10 10  66   5
01 11 85 102  1  7  4  2  57  12
08 11 85 105  4  4 13  8  75  13
15 11 85  79  1  3  3  3  80   9
22 11 85  76  5  0  6  2  46   9
29 11 85  89  6  4 10  1  69  10
06 12 85  56  3 11 13  1  72  19
13 12 85  77  4  1  5  3  67  10
20 12 85  87  4  2 14  2  54  11
27 12 85  38  1  3 10  0   0  13
03 01 86 144  7  7 22  2 116  19
10 01 86 165  8  9 38  1 106  23
17 01 86 103  6  7 22  6  90  12
24 01 86  94  3  3 32  3  89  17
31 01 86  91  5 10 29  3  73   6
07 02 86 124  9  8 25  4 101  10
14 02 86 132  9  6 37  5 142  10
21 02 86 119  9 15 28  6  89  10
28 02 86 137 27 13 30 15 110  14
07 03 86 110  9 12 23 11  89   8
14 03 86 145 11 20 20 11 110   7
21 03 86 172 22 18 31 16  96  23
28 03 86 163  2 14 25 10  71   6
04 04 86 178  4  5 38 24  56  24
11 04 86 209  7  8 50 22  71  25
18 04 86 183 18 24 61 14  38  30
25 04 86 153  8 17 34 20  55  15
02 05 86 144  7  7 39 10  45  33
09 05 86 131 11 10 24  1  46  10
16 05 86 134 33  6 33  4  67  23
23 05 86 178 31 18 91 10  45  24
30 05 86 136 15  2 44  3  37  13
06 06 86 139  9 11 50  3  43   6
13 06 86 182 34 13 56  7  32  40
20 06 86 120 19  6 47  5  42   9
27 06 86 116 23 11 18  3  40  20
04 07 86 114 15 13 28  1  36  21
11 07 86 110 27  9 25  3  28   9
18 07 86 109 15  7  7  0  21  18
25 07 86  77 25  9 22  1  18   8
01 08 86  86  6 14 22  1  28  15
08 08 86  91 10  5 21  1  24   9
15 08 86  64 14  8 15  1  22  22
22 08 86  54  4 10 18  3  22  14
29 08 86  31  7  3  7  1  14  10
05 09 86  52  5  7  7  0   6  11
12 09 86  43  0  3  4  1  13  10
19 09 86  43  2  6  2  2   7  10
26 09 86  36  4  4 10  1  12  11
03 10 86  30  2  4  8  1   8   5
10 10 86  45  2 10  8  0  10   9
17 10 86  35  3  6  3  1  17   7
24 10 86  50  1  2  6  2  12   6
31 10 86  58  2  1  7  1   9   4
07 11 86  63  3  7  6  1  14   4
14 11 86  39  1  8  1  1  19   5
21 11 86  53  9  3  6  2   9   7
28 11 86  61  2  2  2  1  12   7
05 12 86  56  0  9  4  3  25   8
12 12 86  44  4  9  2  4  18   1
19 12 86  48  2  4  7  1  18   4
26 12 86  33  0  5  0  0   0   4
02 01 87  35  1  9  2  0  41   5
09 01 87  87  3 23 10  2  25   8
16 01 87  76  1  7  3  0  11   5
23 01 87  73  1  6  3  1  12   6
30 01 87  74  2 10  7  0  21   5
06 02 87  80  4 13  0  1  13   3
13 02 87  73  5  5  1  2  13   3
20 02 87  77  0  6  7  2  19  10
27 02 87  81  6 12  6  1  11   3
06 03 87  73  5  8  2  2  23   4
13 03 87  81  5 13  1  1  13   3
20 03 87  77  4  7  5  0  15   4
27 03 87  96  2  9  6  2  16   6
03 04 87 141  3  6  3  2  15   4
10 04 87 116 12 18  6  6  18  12
17 04 87 162  9 10  5  5  16   9
24 04 87 108  6 12  5  2  17   9
01 05 87 121  8 15  7  1  14  17
08 05 87  67  7  9  4  1  12  16
15 05 87 106  7  9  8  0  13   9
22 05 87  70 14  8  3  3  19   9
29 05 87  80  4 10  5  0  11   7
05 06 87 128  7 15  3  1  28   7
12 06 87  71 16 19 10  1  19   8
19 06 87 109  5 12  2  7  19   4
26 06 87  91  8  6  9  7  11   5
03 07 87 103 16  7 11  4  24  14
10 07 87 125  6 11  2  9  29   6
17 07 87  86 10 12  8 16  39   5
24 07 87  89  3 12  4 11  36   4
31 07 87  83  9 19  4  6  22   5
07 08 87  76  5 11  2  7  24  16
14 08 87  91  6 16  5  4  27   6
21 08 87  68  6  9  6  9  42   2
28 08 87  41  1 12  5 13  26   5
04 09 87  42  4  6  4  1  21   3
11 09 87  43  6  9  2  0  25   1
18 09 87  41  6  2  0  7  19   0
25 09 87  55  2  0  3  0  22   3
02 10 87  53  1  7  4  1  26   4
09 10 87  44 11  1  1  0  33   1
16 10 87  34  2  4  5  2  43   5
23 10 87  45  3  8  5  4  50   3
30 10 87  68  4  2 12  8  57   5
06 11 87  52  9  3 10  4  50   1
13 11 87  53  9 11 16  1  70   0
20 11 87  77 10 13  4  1  65   3
27 11 87  84  5 25 13  3  60   1
04 12 87  82 16  7  9  4  53   5
11 12 87  95 26 12 14  0  68   2
